172883064
151338729
270449528
254839786
265077741
204317520
288485704
8163442
257236842
261447035
229425177
149538028
115221382
349413327
112939321
152388029
200559228
292598082
260769396
14925700
226165839
324201646
792998
2705
230505689
61065794
226516599
102364313
164422299
181288376
171704225
147946019
48504743
112819301
240944206
16663695
47799910
40791597
16038438
405323682
333709376
20747847
40340464
21158690
18709570
31067157
16908436
7861312
179278975
16956955
290656947
324546502
21507738
104585489
106061616
1435461
277889424
560452336
65360193
268479669
16264063
207936757
17176990
175624200
18142375
1294741
21697211
37883682
865561
6194262
18498684
6277512
1269251
6745742
9817642
19649303
44114848
27531390
24866186
115965772
53477757
213969309
382823424
155976326
417622555
522817585
233909647
292970754
146867687
61598133
286012612
88971791
34684258
18713254
452342492
17564647
77888423
157218534
50901147
307206030
238308325
290097288
422253889
99066209
100383683
116379446
21982720
14129299
17780580
16637198
813286
467171076
17567533
21122950
52488565
15859033
34868965
38762773
20479813
291670881
20060293
18194898
172768360
23027237
14630319
407977463
75974281
37792861
22027186
14998938
88617158
16252002
10886182
182157590
84466455
251261925
444895340
360245938
46750053
67348022
69641958
9917552
15515919
20177423
19399719
14288822
158895928
36451558
17469289
33644693
28357463
62418341
22412950
19289396
108507561
42634830
18742076
248319608
27702153
19942178
31268403
56026822
26511852
55631487
145472611
18177126
17225211
63858347
16618332
13058232
17874544
18953266
146598800
175087260
247565758
26597332
2904691
39819394
231770594
53282345
14372486
14427372
203783262
25473689
28960709
132834166
373123978
22273748
22879012
23140494
127178017
282447785
18361967
474589602
70600914
35701370
15249238
17595759
14818936
18285245
23672517
170424259
14269220
263723790
305512397
15773675
6368672
48717817
61040299
16436515
147387316
3293391
24673002
30942099
15577905
19010126
59804598
29659999
2459371
35407584
127437545
14917050
15849055
250906649
17702627
258531716
38939069
10588432
307629880
16563089
252712327
114284224
16693627
47161442
185790431
35831704
28209292
172085164
362888622
24278900
200384703
17174309
287877238
49997792
28408485
23272358
16186743
28120317
24233316
58113278
20801235
18739697
71599012
50339952
33940986
12892332
14135993
15435220
12419022
114596637
9555912
6037682
9531232
11283392
258842651
300027658
17632072
229706893
38492717
93792044
17986155
405954273
26281970
84421229
16660064
19622462
124524869
24560836
14609321
267152817
25421732
19014804
139124659
14220046
15311166
188962593
101008987
25954266
15928598
15811181
12223
87520051
188046098
119897041
107172099
39832918
86977818
516982665
275710913
180419242
23146711
14208982
19469924
114340234
18148907
6374602
32520177
14355964
46319532
18294289
89130924
21556071
17145453
20611320
42828152
16224299
19550535
26785207
18822863
283612037
35722372
113751683
19563357
276905731
15888142
64612136
71827867
167112946
365103804
73745407
354717831
27970832
16213013
200214366
15094659
36750478
19364964
7458942
16045268
17899109
21685295
123565032
26299078
13784532
466979336
65289126
58308162
21642976
19526770
11696732
40708033
22460658
39360648
18124625
57615171
17483462
57946702
15432028
117252513
51166558
204424857
255709259
19564171
21024748
22396371
28617554
80700514
24831437
18682397
130339829
23827692
240926153
25254052
481512517
23800248
74011176
87874905
186914308
433873546
451883233
312838711
372593743
425557586
21595505
108993961
16831715
187197078
8346982
13196662
22662672
17554569
14550264
13455472
14502775
5606492
13761042
14341671
194703864
86970580
14800270
177593483
28539301
20495756
32893652
37878753
14783304
41476892
15993038
466830475
55488516
311214131
121063287
28208387
151360659
201484477
15648827
183634344
161106955
101661580
7738402
12591
32460344
16633144
656673
14474785
110815031
7552082
60591163
17648193
7826472
168453874
2060631
7400342
44004358
755346
308551554
15677204
52934175
52832085
40813518
195934431
46553113
57903424
59872379
5452672
130155510
18803775
173282921
25276905
21651598
16793368
59836995
14152810
128528922
21436558
104548229
16005730
287316875
23497893
15271655
64503060
54795290
36385076
21357711
31037985
20130926
87416722
14224719
19982092
176930274
51075903
20050520
23217907
27155383
248163660
19337423
278103138
74735145
20011697
151505240
309754474
161966800
166747718
306265180
121295290
278109079
22317432
102794589
109769483
328726293
53717630
27476898
14230317
5391882
14747507
21315721
16987303
16974572
20596035
16129920
213032194
77806232
87044829
295759517
219173613
27853622
27972426
250708662
141021153
140487396
171374806
129314858
28229899
13165
13612732
20463300
22745706
147386402
14327760
14283433
30153287
93927917
23278844
16434221
258953546
18141016
16650023
46167548
19738459
18309277
312285643
11856762
348278208
14747960
20298371
23404483
127294902
81501774
14050213
15805171
39693835
14252603
16365403
14183551
42900952
18638460
9313022
7852172
225491959
14108564
213350034
42977712
35206553
434486604
19738805
50890438
1891381
16522244
123153760
17995419
312860399
56493501
14335262
18586606
34163
12555
11231232
823129
88996186
134935099
14467403
65114531
4047941
666073
2223571
13931982
48438876
23462787
199796510
54546430
174170923
44705716
281530541
222040026
19579205
525952691
523173553
25389372
47
14
16353769
14838800
6160742
14367669
586
13652832
6331462
15109716
5813712
18498878
183836186
14904282
13334762
17587207
111164068
100649666
38214426
223581250
95332892
34117454
72753148
85013332
39141427
92978326
18591927
26519172
24357921
38782424
173343647
84137114
128546554
47293
21232967
14738232
47723728
23477141
34082952
15428227
85479002
51241574
112755399
8493562
41188718
2729061
17595439
16892481
11107172
7842902
20465564
79676954
43065900
17092592
78034746
108931405
423385493
19676802
335343438
113804010
26880929
22120066
27870530
520178560
18100254
15160273
278598746
185512077
76771932
7875762
56955361
28856770
15384864
15788309
19370213
24232984
195316132
191229219
234914530
71671576
18824222
11826672
15775214
132951208
33720339
36444947
18201114
27782753
345949016
155115613
271662759
312265900
73381700
113186652
13473852
14372143
6743
14093238
256651717
183786731
366795440
68503464
513798809
52025380
90733824
347376996
148727717
524605453
66848856
386064033
137527834
489181359
283147505
176302452
338054017
389820347
13104722
15468834
529041333
15923093
156280345
31524543
53391112
95212360
129443148
33390855
257484939
30545307
17660341
81952694
16017251
19733653
80650549
386161471
210903999
86597957
767396
14413075
917321
211329226
14618863
82532813
25095468
1885511
14964767
761290
14780493
26487169
42472972
25376735
78408666
113420831
169610198
3108351
16364399
14335880
191613738
57507026
43919633
507731256
32547856
70736917
20290583
26674923
245683115
246036834
16001975
820633
7744882
30027101
12640502
18270268
17959695
15222719
14596798
66263785
14816939
10051022
14223829
14749755
17913814
13276422
4664501
14214977
6810832
14503
14257869
3339331
16866701
12512
392197972
487698090
460302787
44494857
321045403
29143283
39600392
34712510
541259303
115751705
55873816
531838038
17587331
64069241
18698454
21415375
14443028
41530500
14766418
16747818
8875752
42923074
19523675
2109381
15933993
16586811
54071173
162775226
271176554
108792399
55738917
40306315
22575703
6370862
14521530
8708012
19092024
16562949
40349308
16593613
67213875
19624836
22575398
15955826
19708600
16489432
9771562
42637650
18628801
38145245
15402847
19766673
225067850
180302615
14458660
14892073
15869453
197545021
23095315
18479089
2891131
5388222
8162312
20941681
4733771
462357211
26358639
9406452
91718540
6598572
17903702
22939740
13607
16003349
14089595
86485333
22058007
13860742
13370272
6981492
6223132
222886633
58396487
204422008
5765442
7078212
114284807
21273459
14120151
21908150
46477415
14413506
15300227
80468801
62886136
16274879
49517278
14412888
15081306
1963821
15319120
14985228
15811487
116647098
19210139
14226805
14499127
7319512
15209980
107129460
181421220
23904110
14499168
25738602
58626100
297527427
410469035
15976255
21414413
13397502
17022234
13560922
23547436
15941338
21249567
18904121
23346663
16246065
14369901
195777968
12739092
144494655
56705653
22230044
17740231
29403586
19608297
21314814
97119524
20039889
81575608
381429945
123937751
365928619
82208992
88957553
16517711
14980820
222959095
14677998
17117000
18778944
2269701
18425886
835871
3094401
14502745
14091113
368699637
66619464
14801863
879521
817288
36823
817268
19267390
526316060
14132461
11041
620863
15903746
687613
14724347
15267087
160817572
21682707
377796934
300540758
7566522
16065072
19118802
209662233
27458721
43011256
552110505
19216679
156458599
79291414
5423502
139531245
21173505
248929163
21446776
21433097
34350246
29088049
83423381
17358260
284136905
15917485
15737386
16428359
142977623
164087020
48132194
16303393
27163503
97540798
15491994
15905088
14813657
15861559
104489671
15135874
5576542
55633458
32340023
85348253
32462148
50706100
897351
21116178
28299971
156406287
82298196
30418870
157504724
193073314
68604037
28375496
61866244
42902605
12954862
74134553
21451849
20209459
27733550
18399652
467909899
397676952
31601961
12412572
17008726
160245898
15829144
5758642
17001524
17026041
39434755
15222806
16955436
1769551
17002395
17023344
15174477
308313264
128161946
140741639
117292837
260867219
70820129
159219605
158961178
34244280
42993311
19549883
18010854
67045624
15987971
15368404
25928253
18170896
67020298
17368405
10505322
58025433
343797833
2806761
14102913
87211271
87325035
15158217
37745819
30368213
44201943
24530820
15759192
18270938
208448943
33519870
389486164
506342927
45690012
324660438
40733774
15977848
162770758
91858645
120892393
55090226
292029321
67487321
186631937
156440716
414569910
22092117
15840846
18734884
37138014
47490207
22320889
111728171
16102927
15140284
15140362
23389509
22196442
151967930
16935292
93816184
113975798
5971382
121568833
27042513
14404449
140925207
51352792
17843533
129450434
183321820
15381612
19886160
1048651
3228691
14736168
27718312
33572600
13493302
7613282
5271931
17276183
90941969
39264421
63061469
22104535
15435471
24604813
33031116
413468104
126030998
27958687
33288294
8861752
281257435
38764415
21131904
30064387
117305383
24617214
384664689
376787654
191654691
125653548
50325797
115710058
80617430
22685638
149180925
266187076
15731368
48354754
17060769
75246510
15816424
39394932
6351922
647633
17637553
17638336
20005551
222539176
16072024
14207200
14933478
17461932
19006934
10876852
15382307
20291791
15395087
341315592
17869922
14711172
17791350
3496641
15001424
21065280
11587712
277295851
193257525
60194854
15032882
15144028
14222536
15070082
14371835
551124967
24163983
22593902
97127015
14319981
36765490
14485423
269247938
15318271
87693728
11232892
21517540
22127500
14794851
54695584
378171907
442498038
36756075
17525171
8262112
78670429
7885972
15386988
1995371
121142586
20893002
26785608
15181199
84692450
38741006
27268937
634163
23674449
21999591
407403
287859665
213093237
41384205
35106619
105538252
193956929
196421725
377645199
246486755
346308376
482532023
14268793
14826124
3609021
18324686
22343864
14873835
14861784
141383571
185301542
26411479
15887110
4921861
16871637
258218804
61293513
18799041
92034937
459412561
93006320
19156507
8951502
987681
14835889
10273252
23694473
237056755
153457964
16069548
19564013
192168640
190913931
316832383
26813101
227037531
203226736
19167293
21905301
61588416
22420134
435978700
22138357
16334139
15741208
29057694
132585908
171168170
266580182
304407399
13117
96569103
21334955
57325709
197310509
172887151
84368747
281347318
521909535
297683673
41627038
208942635
22075819
46461196
28878624
124023644
51256216
29338157
92283370
40333354
15921060
23899556
54368387
104538722
276394701
55309264
243439460
43929488
15641259
18207202
7592102
14496538
42576711
232818548
231490657
79253197
124839581
70129085
447119980
14217624
23258851
49114409
7832982
26649958
4366031
124526394
190388973
146573101
165821961
185106915
43632459
14416124
21505330
35406821
10759032
201882918
16442350
322906622
18253799
297064190
140477628
14116195
15147397
224915605
5702
1084
1075
44698296
14118608
156797347
2425151
817386
14304642
285762606
101204352
217856118
160565602
143169862
170922633
166153909
21068395
174787160
86391789
164686885
15450986
19637701
19162933
440986997
26917507
8254252
30412010
27178298
27909367
20442476
11228702
6456482
11211792
11161852
26572460
21668309
14997105
14134265
15726728
387901191
22657153
14656647
245722114
59469595
18523512
383677809
30085825
14325926
180489407
15679119
21019826
75607148
15252736
11183772
133315738
69661906
344916112
30535561
15181936
16243471
86157495
17418971
17714569
14158742
38018311
250376643
58653515
18541130
18001974
22900797
14451892
16647553
8986012
18838035
15983991
388952222
242480207
20467333
46409572
39506306
128246454
7597362
8383132
217195997
14586604
58479193
224296503
64840773
62501328
320957207
16966832
28624790
29375321
5357362
15567576
10115042
1193301
16617693
12101862
17844641
18962501
367661207
23878044
235766196
22362068
4213251
28056344
16158496
50940456
15141620
8162032
276270001
33029997
17632320
24938230
25784423
13229902
20571654
56044426
22058101
32398059
46740532
147793150
92409018
26065154
8557
20590747
87798068
8320432
14323435
14999606
13862162
16651072
44909928
16415670
247521647
21469948
29994187
25249814
22680926
28061932
40168339
15224719
104563131
33601151
17489445
78389587
29311785
309975022
18181487
5906322
471963
11253262
15859039
839321
3715
17239694
80523
7089382
15127258
8834612
19471361
18815604
7320172
16471415
15081902
18681592
17870501
14839415
14839489
13274152
18533036
58528137
200606907
74499126
121570037
110760237
9938852
147665130
129631184
111492860
15418343
21224587
282704498
143719617
223604439
24196674
7218552
21655440
469357690
22596969
17821671
43990153
175767720
50316406
184146952
84114921
89826562
323520663
114384624
17332119
35795904
14355610
36471939
20165052
46170816
115749048
14125800
15743810
19006707
84155547
14625398
18038892
39522848
17795406
15812461
18382692
24297552
307044653
69816513
467966761
58129878
10384112
325641978
4267411
58347421
394380766
14711937
14359507
20011858
15383
10386322
158558510
40076725
450967347
214139780
72357609
190833564
247583674
110865804
57496410
103129824
388556323
122167377
526216513
1689591
22292456
83451356
49105052
88454202
36419618
61781462
71478544
174273365
50558352
144320202
168231881
308641060
163739424
101370287
195851893
1775861
16249596
220955782
36778012
15346786
96890549
27778893
17908655
17133173
173965448
38056617
6487292
25029877
352001311
3943871
17368639
14401607
14281853
6107422
19963701
26727655
20449993
16600626
4898501
246934751
28876577
18334064
35520155
128688675
36782237
42096654
22721485
16032577
84200495
175633082
85718756
536821908
174768030
45951258
50640633
30086507
18654764
37876253
19089252
230282119
353780675
52205516
18940128
86204900
13559692
6023362
10922662
15962697
3375481
33753936
260275101
14244465
14850955
18006698
8596022
56623
15150828
9759932
15671992
16274712
15716039
165908478
216088014
327102622
173468248
14309129
1445981
18342536
30290325
15332029
56278217
278920924
243691293
42890905
19668592
20796323
44946555
14622694
14050235
38278278
236699215
219152459
31537029
33787115
6080022
63233369
29852657
14722564
14946893
245194221
48619486
23470438
160820894
47481061
49098552
459898457
210747974
18510296
18151654
17416267
17693446
47777346
19851359
31477608
19703935
12409312
14416552
22693053
17397762
16566306
29663668
45466925
14117843
19607767
79464719
16430887
19222164
23602815
22703645
14935647
101721302
116308543
104084647
234533857
272016961
76038813
18185593
15192772
46002379
17230018
15111448
19117113
99567847
14881982
33175761
44431366
26825852
223183968
184888391
19976756
53491922
47424517
42547398
90452330
24744179
132733414
48442106
70257108
22941372
75282074
14269172
15510569
25940364
2824221
159294262
161011066
154899708
46011060
18225966
15905103
16896485
185309457
16676528
28439478
366971503
425436243
15506452
90972884
19345378
104048428
45177955
404441601
335005201
277152703
121710301
122438932
556167733
20976154
92609578
18259232
252630232
18481050
19611483
160062130
279393981
435551972
8918012
36204399
34222093
17016830
259984813
261434167
490922827
383830013
62557485
120518909
33522957
57111966
76936279
301045962
19672596
172531871
68047611
18760107
223079863
19209687
61123704
6854942
17019152
19952246
16378486
16700766
14339261
59000613
144064703
167561718
9814222
1059801
14603011
14458280
6877722
57284417
11489
30008826
70096167
193563287
14828249
30206144
209081337
7198262
385587514
322690327
507288463
140640190
262182509
185331750
357866811
322687731
72410358
59702581
101145387
22587138
10350412
15668559
19120420
215328630
385813764
34145873
38123470
25547701
14888217
15082762
12683442
16373202
15381737
784304
82459133
23830366
15422847
237273873
42040091
14667714
488061226
20333302
136079475
39070445
300532683
18886900
8813002
60665688
56337457
38010788
14631433
477792933
426773431
336597532
344439820
25105135
19575980
545309191
169112757
24793429
27998627
23826838
87478141
14058735
57435204
150347034
18234247
25019166
30981586
7027282
1258391
19638752
55270849
407116083
142391273
168771252
14228208
310058709
360738836
102206775
15532765
135579990
25371730
28097924
14750983
26823203
23324461
25124390
58447555
298587541
60943588
104352067
317347414
24482785
14565565
22595031
20509649
19353750
14558385
20332925
62059086
63725198
22131586
16740151
18079495
94877567
17087191
23336217
18084906
21744518
15702262
107372075
46315888
83583303
280028950
382232560
171681366
152741998
172530816
168759944
169982466
104564514
47282396
16987555
75521184
18923282
14089309
17552020
69168314
16303871
23914011
26741765
1222621
78039441
44402429
1786101
21902226
33059408
14877628
20727866
16336077
30207781
73545592
66204908
77275653
34991732
58569776
15216270
56856558
111652884
69107668
52835221
92347682
47393360
104517739
18364847
15822493
319576850
130047324
363403954
7588102
419522236
14470931
166699208
96060682
51698866
99543751
11703722
75944654
50892530
16974253
14862017
104071049
274144170
40289734
90919024
21349535
53150331
20997349
18292513
73271762
20866261
14602589
18916748
261034525
355704786
301186183
241715867
224160357
387439469
217906657
342388972
189952416
87571114
169921002
347788405
182883839
265479915
21952872
16005250
178456134
180509355
50735431
17501358
200163448
23697509
19404587
235146909
401417487
7826492
81053602
157247429
20195073
15086499
3200541
16813929
17324205
53395621
108508328
61442211
97008128
19981036
163550067
31639623
50965086
128246602
69231483
197341208
21645304
157947389
18028703
71600011
161482772
60092902
25180057
21460249
44383122
55793637
171108403
61788140
147324465
19917446
15582088
82775046
19519021
225634187
16400388
236657680
2747211
17737498
33010760
16147376
3704581
357359582
65897036
18557731
87027640
15209941
9247852
17469332
14751849
26058342
7805942
130559528
103532942
131935531
25492883
113470669
25680767
27835859
20157590
133272665
276991796
19206177
34575169
24049717
38034789
30979533
19212622
154602438
18072308
22561519
21139132
86146072
22843068
409628807
20578176
18148282
72831048
87697628
20193243
18791048
177619180
190900921
83367556
54402700
77306913
22037477
54997681
71181708
339875129
56258810
76940234
28851282
19388771
62831503
358030466
442587710
14683704
86993101
350322420
122703083
392251125
20958456
27711706
458341610
249996933
68721382
165411431
225142835
299926425
30982580
15816057
14260655
216977719
54476281
16807882
202037047
78569026
60972923
172933026
3299561
108908302
19302265
56431113
2450021
56758151
128627411
33669807
16815619
42897096
273617441
74274804
18924664
15010978
14540042
9272
17995580
18066440
18988466
76980293
14312916
69099998
11173012
15759166
29806910
98510175
291353700
16803196
15961191
74913172
30800681
17505533
34793170
25527966
22749632
90021519
254218516
20379995
74622259
18829102
22661707
31200707
182101865
208062005
14500804
304233994
125835042
79238164
16634377
145384717
21778842
14803917
96354730
162041401
195938803
20690398
368250901
298149942
126052919
17426542
249339326
315432213
279251969
240657729
282622795
148914977
262045931
220861472
114890849
226426309
234485146
417311399
36756569
280919733
313020467
240393947
145950327
240923162
16703744
24969285
444387391
15519886
45156251
171693385
17424872
23793447
95097958
21038628
39363307
217545284
14262811
19185333
158844523
95431448
36370704
242555999
284530356
111116382
22814630
29774968
30551983
38970940
113741817
20714308
86744499
217416964
9855382
197272283
148058483
17401717
17112268
16161210
27476141
6708412
330216187
103096174
19209208
38090893
18729482
15186890
30007505
40893066
15698746
343918825
15914915
74796174
93146357
15189524
23776156
63010830
49101109
66530713
14269160
13353162
19027116
19976980
107867162
166663563
42584178
14467421
15876654
18184416
105223
9487272
7914552
14455784
25070195
14371916
281657193
16542981
36964520
20466609
6830712
49086693
232676888
14524297
23516324
18957239
24644909
19809876
18324005
16151653
16979946
12730882
27618085
14359567
156204515
237985689
16999210
301863759
243874674
548020172
306823516
338554536
191750596
52672768
40297195
346720096
48335027
16065736
17872052
23080244
108171720
184985588
76512809
50740810
18708568
93907146
18398245
172495959
36779213
18384904
21071513
30451960
92319025
234082615
211933541
120182604
210072500
22644063
22981846
8888672
18913179
6666312
3283901
76831143
177564924
19198381
17511527
5309462
20152310
279515481
282348945
325583724
5938412
740983
39277194
265062844
72665816
34722669
98731745
16332223
46766777
24179879
272652543
230484387
138618802
114607362
114476572
141713916
52471614
174293510
152065057
97088346
20397385
20340917
16983297
484299228
18566621
373079416
193483797
13555802
15335123
380503334
280049106
232907264
107790914
220712849
124866710
538389207
20281602
20448733
82140652
206101355
71273003
25869468
17597716
14452248
19927627
40703164
9340912
22851036
1511081
26011572
16543012
26029878
28801508
166853688
21201598
14173652
73012388
104268166
16018285
144218227
195305346
48903480
137702106
116081221
26125943
86152110
28541908
275020671
372084834
23066251
120068116
146560386
375038445
93155000
325911794
330552752
8119302
20575324
17133445
248007541
176099750
15231413
12701122
18174804
28444033
17142478
48377518
29480700
292004117
22662244
18955413
45296039
22646558
16002751
16106608
80327382
39058866
505372527
308697431
227454804
278776823
85349324
219348483
433789613
135397331
20611853
14364626
39904933
16715729
148032978
245039566
420456892
25489250
26138657
62601901
38346612
86938734
106071160
109342607
48103917
321504648
16794934
88349752
276841724
43105737
16434105
66331720
147590684
47897905
6449282
20531146
122194011
32676724
14363353
141982955
414285107
36574704
262174528
430703073
92181077
213829863
459491802
17215276
428428152
25656304
772844
150766782
47268815
128376989
56184156
47846099
24886033
23994280
23095837
21494701
25203129
14246892
14179496
25512981
7568282
16540673
499900026
404688845
69168087
18925386
16966381
257056967
118161980
17819033
300519766
23124408
20475703
15825547
30475681
31572616
31531849
22207071
19186071
64122735
219419701
67060417
6804822
161705745
10541532
19396256
23991440
29298804
19647125
21646098
356430421
63254895
17234024
356034002
22148819
59162445
353952064
341756256
310424126
266912770
194939391
321029545
332353057
374337374
231444167
181299506
231921253
115222629
125885487
152036250
219069031
177471917
177473412
14102076
14426487
177081090
177372465
111777598
14628172
171883639
231576588
177468759
15433739
46254908
19103586
54349977
17649043
125043122
72235760
20517215
108983630
339056433
81093
313703817
20240002
14539153
255790981
388692278
472390921
40645624
14174392
29374886
266182056
21791940
46754170
34980364
27003337
14955620
17066312
17560195
117237387
235178769
198567769
17451742
97465432
229585537
64611446
31162746
20175678
54966644
197600651
160779918
302768530
205009543
212247905
209735408
178805277
446010132
419160168
304550437
252782730
103652294
40913222
149217510
804261
10647432
693803
15170346
267425413
292290229
228881320
204690606
84279963
220988078
89018574
183545030
126740342
129190981
241611639
262809669
468931020
221338479
221731648
27853708
358387093
38699900
19670772
18776987
10292772
64318383
39319616
29114279
18220380
17006579
14708012
54743
117802300
28267054
16898856
242202585
9705432
14087328
16560623
21145433
43822174
83990838
15639558
17207272
9359222
19251068
16049481
18964468
69027629
14005532
255761021
182384867
47768150
84505452
177336885
15944708
42526763
66029528
152820428
18755970
13369452
16871584
19115080
25796104
61420787
393242944
396094902
394475305
179743459
327851931
98821255
135704870
14365883
233527224
79119341
333815274
219723179
191280225
388118957
83220932
134897142
25488031
27142516
132089187
44475539
30369538
124656976
89743473
70736039
17467682
262171829
267923399
285877012
116878734
88365320
68801460
16444233
1294231
59947068
46957051
145724592
22587869
17677636
21105092
19554219
22568011
123633259
22369057
56891751
31432492
40198892
78231411
16531357
116658090
102633945
114829367
21021166
21609473
37763201
29977036
63303106
268479992
24736925
17198373
69944997
12831482
86823765
17578749
366849338
258280763
23885728
16120265
14299203
24405149
13577212
227828856
153198631
303482442
256744683
61522899
208730285
358083488
238110322
24574626
116829229
177030011
255253245
209143637
28931013
28929267
24939978
156994284
21337712
47147828
14267965
14611017
29788092
26039086
44561295
32140588
18949879
63356332
29112695
36525774
14982451
16874685
320939752
479997925
256497288
184426481
487329454
38761811
20224976
22652938
74697858
115743614
70160230
20426515
19339490
46415678
38823390
8126322
14710589
185963016
14092013
177658536
25675498
236096332
69802536
343341790
21069452
23538464
18227340
30417505
92767002
86176636
340685089
459632171
66431262
116914779
785645
8521542
27546808
487859640
41692369
282743175
446712660
259387453
14591500
15771419
390356722
390947575
30781454
248179455
342421694
242692217
142634662
192537546
19792347
72357328
115409651
219806343
15947348
133317553
1617891
50468526
33777251
8881
19793752
18568431
81700833
47480137
309937733
162124716
17183692
19880440
18102187
134286721
169572927
455697092
95959272
349054621
122530604
123417458
24602560
62745759
115192143
260705759
65986990
7751462
17347261
443478494
370819399
282862692
96551826
261171156
198732306
363382373
336269684
178874748
25797592
43614909
450952913
94083684
277171542
197821095
234470418
84609243
128299973
226228873
197548360
63258863
272002061
99467249
96071489
117946816
81049395
51796251
16187815
14193620
31364943
19087450
13557972
21149618
16349559
224491023
330678412
341260999
22332114
22813923
57503080
777925
8438932
23468302
1692881
14602130
13166
42242439
18179447
31393
14624209
22677962
20733754
787864
15644999
1765921
7478612
18907022
14876536
997
15051601
95409471
14187770
12038842
458655133
167429242
14145296
383558512
317581133
104718222
25917741
323602128
25713189
29009790
245915466
374895823
252887704
525881165
93959777
91681244
217930063
21841724
51835387
28779024
34859464
343879647
382370111
391675394
71851394
113714296
419271809
374347717
157623011
295663086
54437342
22821175
211866318
21761662
19616718
18469843
78982926
20875991
322069904
24001954
20172221
38102814
19409006
18640668
169987795
18223930
57650649
16462661
29151815
421286008
267828234
272170644
54325840
333151960
88367086
37605913
20448269
21225900
15515673
65111341
10886522
78419512
15745674
29825098
15535730
78784199
5744702
31263739
57026351
14525652
169762337
301086893
190381853
212682266
258563458
92226678
120428242
15254423
24910422
1338891
268876919
371107639
313846689
46346085
282704372
236698395
15092621
36459516
24332709
191504048
22676390
20076561
17169320
225604003
65412757
16060481
261559166
35067687
14306568
61525167
20293613
14386631
13700542
20452435
60741908
7373292
45036374
19890521
66836254
6016062
15656040
15810356
50524451
305646642
293392015
341603426
309135583
359791673
393829618
443942522
327693487
538624947
341101965
507598727
5654722
5033381
21672825
160522286
58238234
188025840
21540725
19868934
8200352
125502730
509143497
60102179
92346912
42487653
240959105
15620557
37549379
276604734
368527647
150086351
16395449
167063925
42926101
33051040
19407585
47195875
31808570
347732165
35761106
89024581
39887890
36231321
14780759
14503818
41806953
14539464
16088814
19799579
152411920
199846203
217742175
433878558
375407274
90739121
276551208
417407285
365843255
46671605
23260786
118205135
45772968
472442403
553946273
112004687
170528063
21453615
19995834
16201775
17146677
21689936
501303192
20189970
322981764
276248696
90959399
134889262
34457931
42792184
91935208
21093865
60178856
60108571
38124754
821142
390272449
356300701
32263651
397495448
60744539
265802800
77941263
475340538
18719196
387928178
52285847
13108932
388485013
16613314
373653008
331703899
15582769
190233732
14159087
28114539
122487840
18946688
317642104
321096972
319625617
464435768
554003471
343051634
379644023
512638904
320140485
395472453
397322647
339799759
351641666
466121896
394239302
50042330
195066320
360268721
284681556
524620711
300012435
349741737
398462787
221859696
361180130
427603063
124079873
15149791
8002822
14222551
219069857
309237384
16384688
336586492
19412541
354569107
27935501
16631253
342149433
360169494
112780263
25453503
241642996
14497225
25602839
62804806
41598554
15411162
17124747
9406942
15419796
26326756
19038395
157044469
27073265
71577469
15467466
326755929
15171478
17024955
101532459
237315244
282388693
335641572
29993099
37752399
37528320
290871738
255238984
498095362
210254309
121918392
306005773
196790768
34537196
35502708
208891656
265781635
326371495
53296515
27581773
32530227
283193474
414415556
463194918
7594982
14238569
35986710
888981
17821932
7797552
2009991
13171472
111478759
49774608
18667907
89898430
19003050
403473415
19534433
81789092
35233873
15714648
206621725
9595022
47673661
25577351
337616527
227126986
380196467
357741061
88130019
429537308
508226086
46140684
325670642
65936054
218764303
26967932
191601056
95096748
37931906
24166711
37229840
90203412
325799091
268548585
238431491
480113860
333881828
363172778
409584473
15053372
47960185
405122243
369956429
343913571
118135933
384452872
429289159
187722919
254123924
176939238
346880024
119171551
50054844
411011857
302643429
181710644
368699121
375214274
23853807
6427892
200959768
38901224
398994309
450735279
15208837
292778377
293034407
159061456
173799840
48398960
90226862
25845428
23089228
30745262
19770557
17001189
26038292
17029324
27567775
30067876
35972874
14599470
173597141
210428550
119798626
68316611
33830368
15471060
122179144
141255819
16397686
15453752
133404204
20012454
66405948
337802792
337537112
336958044
475134373
22704248
136278069
416824474
170512878
102173255
82522075
283388768
166226911
88692036
50322783
195171695
97761486
159971257
29134751
360914929
99491032
510425787
93659369
15286368
181076223
19787153
296216073
158035139
45231082
70122463
182414019
41582548
151959257
283602905
231004001
133756497
246023376
29879795
26221897
54249319
353665909
23087952
18991464
21993337
44616049
19685455
54377889
340387460
52830048
68898458
19720220
36688071
77113444
543002517
218565522
154992848
20212580
34742074
306604708
295817535
15327996
34778564
22708540
26054442
96585601
45586373
15036041
260281892
355637036
213832879
54514600
202500496
54981249
183502719
261074207
122111980
307652781
300536012
555521357
47005906
345930964
146768204
167709705
29368258
428000060
86581491
17797942
27922928
21434769
33387856
44771048
30397013
48634799
71553401
24223185
21212730
53751973
43441291
188154135
255802087
95248526
18740669
18562064
261227209
87273337
386209891
50597693
61235410
380663874
72323229
322358312
139084494
24875696
40580391
66004143
45047314
38676123
63372660
33940400
64241129
78311082
97115053
64518122
215394089
152511987
18141369
73762766
351939436
53756926
97552857
148181878
104572249
151145458
119926579
103394477
7207032
14792444
253360762
19238008
44191022
32824804
113713593
9604032
75708763
61969331
243614856
276124559
230396531
54243949
208545425
5244591
30495007
40321134
64954625
309808270
228448689
61313954
219115830
9179362
151252407
17623957
43834581
811303
71928368
45516390
25136067
34484725
113430220
7718082
17979038
370762041
233011448
36157507
19619047
45694782
339503567
381835552
29642675
19894159
20124712
314550074
8056522
8304842
276322412
33449028
18219754
18190259
49210949
248748948
322171570
271250182
51551720
16541808
117359940
15431344
18594420
279863186
452631923
45634961
303895934
262310943
150197363
173852432
257284859
209125412
37508790
400814530
413395657
42588508
26438384
14338082
21981231
18559944
28071884
66515918
28433775
50223887
435255730
29089122
355009696
16448588
457400706
50738078
249188812
272077982
43161519
267318068
135187349
408209095
21907788
14444891
96174685
18393753
13871102
15223433
14770116
10285082
23673139
105595534
25838635
22281805
211041953
203942956
80483595
135385447
119534276
197105291
489640935
176425989
24282101
20605795
499455442
150021307
35030520
33212700
314098636
50449246
114833239
28109359
46260911
222725454
20175675
16643805
396221712
64442789
139713345
15938093
38268441
195887204
14592925
790036
149685699
59554328
221818934
42739048
150978009
76016329
18991187
156280168
86926478
154144035
20045134
72820359
21856144
92358824
357567964
27833479
27834517
3103641
229370656
24504033
41590595
200969056
22813738
25069628
38423124
26811248
16582350
90452704
132912535
246424851
90118996
19915199
18676369
28280650
35490641
244441120
231556077
305423837
307357248
19401487
453344643
138308031
5380152
19852276
381048540
160302244
82580241
49169651
16234668
368801039
190399951
184391654
338068011
374659799
14905860
18232198
35499363
44789768
34576184
18895896
755603
14538601
199032495
308911400
321592490
13857762
256633393
281234028
278697037
10854812
40326689
35777926
66190348
18504495
70458047
41870991
43180035
25689832
66661590
58356127
51828073
100496045
91884854
66409671
242362681
142715837
14048809
14506505
17462723
14903053
21434444
19866631
58844228
120276532
12951112
33254505
24695373
37796602
9273052
7762622
12724562
16932596
583883
22557877
14513100
636893
8004452
73113170
29851286
30337775
276686889
168009636
357524793
15166316
246134531
168525858
29069574
19283723
18919936
58914651
31767699
42092597
43872362
756145
15437688
1150571
43305785
17561785
244368081
237637607
14401698
7130402
19579267
14532236
150398297
234288764
52544275
26453786
59599890
20574199
121338495
18751439
24636393
27808966
58833777
430181870
32353559
25791289
21283935
281153162
349145647
86194532
148791188
16562715
25718003
5533902
31188700
62098714
256872653
58547111
43601041
317652921
319987685
298402374
254400424
15670814
20187852
27573195
12195002
314738283
81978740
330143622
295465484
356642631
233107833
73390436
70460503
259304458
109356584
23626899
135200435
268035072
223840932
61595118
386677416
238721415
38708614
229249830
25285450
13141852
26636349
15070712
204691142
17502089
17336784
327690261
20013151
14120456
90970994
56929607
15929867
150505377
19232121
123161418
122092164
151594887
125199215
84208385
90205951
289459291
22665024
422268021
498440463
18089608
36644925
51239075
372559100
227486711
335661411
45319754
129755376
26200403
16108210
26364322
18990306
34431320
16549787
87060964
64304897
16985700
24788654
17007560
27994823
5868402
45040038
129716643
29592491
18646199
16968632
14610206
17964866
355275030
59369137
240186064
152515045
50255081
547504314
126334355
196823075
73099320
265690003
269252624
3511681
22949812
34310801
45536687
15909010
41577194
85824938
26077026
11856422
22854531
15426856
14433891
87586376
21008297
78931350
184907407
18938248
14110454
195820818
57992535
14835652
5388852
14185424
19512493
52238172
64241189
53025463
151191680
18354740
46686860
46947488
92614042
264124770
96432821
390189904
39522692
441850919
351514707
182136530
14088064
429081965
25594518
47717027
61353269
26445140
15439882
41238485
378703574
150774780
52091660
246972341
214296704
172742915
150367583
25340822
346840644
178726318
24214579
798556
22642626
18045966
53194854
26681152
98043823
111411572
47401917
260523318
37963098
53420694
286993966
317542713
40155853
209233393
262381655
246529857
98804013
252703381
68526677
388443878
25867475
30015340
16125588
19555067
32309918
117177384
445818064
14515948
173587214
162310738
22266381
40964378
56535506
162204428
20163916
351073900
33173260
15097566
58642515
80088141
19382500
346208047
374363985
24400628
15426099
217416589
18286505
18060163
14414452
65894396
95966853
107236697
149578245
59959466
49064411
189592841
25842688
41896109
28349128
16723682
20408795
20641338
25329155
22272053
412582295
93004355
20928893
151753441
90778418
45638067
49666871
17905977
11621822
48564118
2228471
44208218
222048396
102436798
11836402
20583390
96975923
55101908
87429637
29072137
14072931
311989458
19817778
87165980
21417687
14496918
29183527
24599993
20662802
323351607
16553826
123051486
246578847
180416124
18274748
462310261
78758706
6290462
346126683
31747489
59284201
26360041
14858086
304159881
21371293
26789088
11085852
12039052
88827363
54279612
47625913
75370068
164578092
110936556
56952600
202186639
18557657
288932529
489281307
505644068
423992563
92932633
338894455
136010193
69133390
20039736
33140178
367681328
83330277
178513073
22482043
88209311
41555127
59409306
157461057
45696104
160657479
24588389
131305826
234625696
269541156
25238486
28448705
95075291
114329426
125173405
129895131
26514376
126506556
25284019
60338351
31317590
52904881
31947502
46503181
192914233
199415817
203770783
27699224
21916557
157180599
262351301
218422210
100719412
79609940
471692812
146598249
443127182
12798922
202881242
14951200
154036524
18952429
24389233
183502710
131728473
365249846
45310286
354752457
22751884
20474740
24730013
14060667
50426510
2976831
55532048
216566780
51259482
99291085
27070413
28669612
87356124
17891116
90984237
25890506
19740681
14427975
20979133
800437
23992692
65508777
44186632
133880671
308641385
278170050
360210288
34160305
56180594
2565
12798452
12468982
17898187
6368102
509205624
18183917
1527091
814306
8091602
15757690
14312099
45933827
68762038
11334
48693089
557143602
234064468
25000290
114738427
149622343
27335801
199844360
196365883
31569479
23021979
47689027
228786825
280747281
272938743
290216175
271495538
263514193
74294087
233687955
285571521
292767542
26453558
236749048
270767794
224272024
162385517
248967064
19509652
165675053
171308352
27585831
248932073
39753512
28509196
28253718
68808413
193551973
5704862
58985584
287839981
21917973
14296723
793351
8108052
16350866
123320139
14745315
545753108
441328248
414665001
244938842
64816396
254321574
50887421
194354261
22329169
84133924
78467726
64418022
23696980
83755122
35919785
49137574
81656691
38967935
164433647
283239246
302397341
47854857
243630696
111057593
28363255
15468275
19362061
29533547
19613618
21116838
25491442
22523624
17308891
63827110
13799922
35613013
130877595
15584851
50620668
238657359
18047870
419779279
14995210
15062340
36109143
13764992
26641150
93579404
289042697
115520085
64011951
61682218
20383419
165842017
427723014
63077212
235386073
76299612
12695752
15599371
13116
13260
11541
217488200
73050189
123661476
74240598
61889023
179691230
25143948
78925893
130650476
212810973
434700953
25810548
16214045
260641289
112825848
14362575
24973996
24130648
91390383
23298808
15005676
30572722
14955344
36757972
15290966
86120067
102300277
15180686
101775511
6258042
405482317
373422039
389535040
27910336
73598917
14170924
64656259
320983129
19698923
22052855
255694820
39856357
377862490
136773266
14529724
15021031
162516323
465676673
230498574
153142335
193929442
67384506
22033794
68225321
312240023
167150593
259378270
59228196
128989152
263576813
110117428
246364399
71114673
15743700
485924782
43042986
21685894
78815877
413359972
178239989
18487428
19215993
16729099
314227065
18772408
154291841
14381574
15195150
21316848
157818542
218355549
291767815
51575022
208759600
159223609
260433129
353425916
168560126
83608448
393852070
36702477
196251283
100518634
183079085
60896075
86980896
17500393
94569164
196500142
36724533
14109475
21533722
129978583
14721706
15132110
64474358
104126903
157434337
122978402
142851768
50440750
1579391
325727410
21427278
59870340
97695104
93924188
278776000
169768183
9000912
130879506
285781005
221921187
40549958
263224927
47240171
21255194
86630861
18222599
181753489
16490974
104019971
62916636
19497677
86300007
353934486
18104476
80843684
20415960
162622594
52310798
231545675
170906002
66491235
193291779
67119770
17545498
102255218
383044849
192217741
17946886
19956523
276348332
68690235
309727424
85114893
74654261
279510127
83731215
39488895
20970926
100614511
39614123
21325880
33456706
14884004
25382450
24249821
227863795
50063127
41026098
46691170
7078732
351133275
47873827
14291563
28947545
115700178
55702084
39590891
54631530
219065620
180450786
126062877
177229224
16736650
40895426
258576165
119446730
269805726
231007190
339859282
87229901
153852656
210098167
78195681
142432988
30060242
647223
17398347
4542801
15166543
4393381
14404097
26376975
103421652
14249811
30811128
17960638
9423662
12538472
77712736
14291326
1277041
39164896
52556532
43328989
9570302
179059513
213903671
13831522
14342202
23636789
19753864
23629630
197560053
14565861
26956786
14858284
141279345
127782922
17689157
20421603
524463
1399231
14824385
763986
38135943
14425692
843711
121539516
25547397
22832029
42714831
72555359
394460725
16060735
30282704
33608041
7882592
15438005
5725652
309206712
9184682
9363302
16193542
13083622
14521981
427036632
22448729
463632548
11681802
276963941
20039230
191477840
413487212
56834816
23016199
51951241
44465753
128957132
32102005
215444266
33873372
44962272
32695475
21721401
22033274
47359148
71813739
51973995
85985832
7777932
95129400
109643356
19195733
99686909
31774760
1133971
1315011
18034357
86303282
7531832
38353
12661
18519524
26188455
75103342
137187477
16639702
23407635
116388817
8254982
85897690
30108503
77581855
151673759
24833731
85977550
41726079
97313569
80297299
216367403
76968686
17625522
16555481
23800611
61903300
39299241
18345963
88936426
103018203
13368342
34015638
32175870
37396276
16505525
15677650
123160974
21162492
78852440
128320890
19178857
15633
172793158
24550707
103541806
23145471
76702882
83008966
292324060
17185109
182268988
22349089
885611
12298152
41435895
107236336
33711024
6291872
18770310
18887526
233356779
65147931
188586381
448996567
90302375
20194941
42135344
7697472
17417121
374660408
31015514
18174186
28187573
275643104
30980755
68164927
68845466
49053258
73434013
144331692
29272924
127572002
181723409
53979915
182481395
172524209
72420530
310651459
147679058
82159002
65623202
131364612
58033175
249361546
201499968
65693114
111103485
222432705
257162866
162420686
172464017
247002646
171318249
197154656
97463613
19962737
14531164
156734320
27062951
9353422
206063829
259547871
265021248
42311985
29703865
80399038
223959754
22707147
61838384
93707337
326832066
137222452
22891420
126088259
116970668
211848704
109758140
18988799
28043
228854500
46521949
200773028
161761859
41130821
72071090
92092425
14213544
9956892
16602180
35246396
243333479
27796499
63228090
17284200
20984259
50002463
353824303
24234523
19494097
52331035
214153705
213745334
19114743
113633105
271310204
21089219
15384271
5900852
156261079
86563606
91448117
2317921
27512794
39825297
34556109
1563671
27721192
22722452
14966677
121795598
80937511
509130299
26535027
232033170
21149003
116539433
6164682
104002640
156984830
212155430
27521114
10333972
9763482
15145547
90071403
285198742
96208310
19371099
14063605
87779500
17308919
68174078
176774540
12652542
54188979
215089664
63334799
14775425
19152332
132809440
339968612
41084386
121520140
69656547
191594881
121215796
37909620
21787252
14532363
16312316
89026066
21458147
18891230
15520149
26373572
30949085
21174708
22334025
22638962
14705287
9822052
18279469
14774858
5525
83450402
54467758
34479708
15224402
191927203
19636959
7795202
278746956
15880884
26865509
23250947
79613352
149426168
106250418
16714448
212006583
22684480
28318908
190760946
48616495
54499639
127359707
26920166
765694
253973
17628437
11415842
231173053
405960130
383451821
126427420
238729128
398453569
24548650
252659822
373622208
250408941
24866239
126510360
221402863
215051592
19589086
33724407
29319777
35388869
113766686
266040555
145356475
38313584
156652502
50009606
36441704
286908007
470640651
274073595
39910783
178508259
192396145
217511904
22323452
23180819
333159474
19714416
41839767
71837784
91211615
38684785
34722951
46122746
18052452
7402662
15923226
52052011
43334545
39689218
145753894
108159877
20408557
122371074
242105719
213173218
93746096
35281724
411482466
230094900
192963833
488141609
146566254
48422317
65789579
60348578
26341298
7723382
325169943
362668618
123895988
43160689
362670034
126345156
431228220
87658559
27870527
14193730
46144288
117671022
132998576
123335502
12613282
59253387
86859709
4804281
15933987
19615995
23770107
6980232
23791204
36846612
46949032
381867437
180211806
235040616
100361358
312105296
287977299
34973485
25258210
535803548
261612386
131300145
22051456
26529631
493734777
84463170
18936233
17903357
258618447
22979061
22047070
181613510
175648411
162816854
27163774
332378036
74875669
46535700
20293840
66504150
480548725
378644447
24898406
18643227
282220379
18289316
133824534
479917792
102166611
103807223
520785775
490585866
197178807
540407653
22315906
36946876
6009212
26964910
14579546
14981622
239931037
44406858
151891517
165946114
48211314
125711688
56999787
62078352
16373753
162424619
18912594
57344940
51431802
105108617
397113150
15509573
14182140
21132431
19335425
24176502
31134503
15192462
28645754
8719482
244780790
416682684
8150752
320798884
1984701
451135171
36017818
33884596
64418855
19958836
85218122
325904593
34888855
23790454
21559947
23801791
15470403
218653398
151023922
258145892
232574324
57670965
176821441
43265510
251221957
249221058
257203923
78021630
20413251
45977080
327569507
26747930
401537988
102711866
131197947
374670902
114506138
232998970
20299704
323939337
20315842
15835427
42751217
58483034
66607538
309096216
324663507
363238963
335686256
250080819
128480794
32443601
59980857
30970675
17815591
130510920
31186367
16851206
194991903
309122206
153048672
18956020
14217022
33080832
191642317
39882047
276155419
233961330
160519670
17032077
43433064
328733018
35432497
24918905
33588577
11937032
28795411
17839019
35506246
33960929
18016151
35293231
29404464
29172137
19178294
27157127
15206725
36016297
18507292
27408201
28074386
9679202
36005202
33464788
174952474
547172871
213468464
18733164
15912123
437300342
476316550
56679995
50877931
165295757
89596003
243061807
17375680
688583
23312461
112848373
122364666
394252706
21246169
45609930
63774621
115692784
28880788
135429318
172814159
219842369
40399584
39825463
165889777
69624952
263209316
264281499
123082578
94915681
374146230
170221902
53115044
435241434