172883064,1
151338729,1
270449528,1
254839786,1
265077741,1
204317520,1
288485704,1
8163442,2
257236842,1
261447035,1
229425177,1
149538028,1
115221382,1
349413327,-1
112939321,1
152388029,1
200559228,1
292598082,1
260769396,1
14925700,-1
226165839,3
324201646,-1
792998,4
2705,4
230505689,5
61065794,5
226516599,5
102364313,5
164422299,5
181288376,5
171704225,-1
147946019,-1
48504743,-1
112819301,5
240944206,5
16663695,-1
47799910,6
40791597,6
16038438,7
405323682,7
333709376,7
20747847,7
40340464,7
21158690,7
18709570,7
31067157,7
16908436,7
7861312,7
179278975,7
16956955,7
290656947,8
324546502,8
21507738,-1
104585489,9
106061616,10
1435461,-1
277889424,-1
560452336,-1
65360193,-1
268479669,7
16264063,7
207936757,7
17176990,7
175624200,7
18142375,7
1294741,7
21697211,7
37883682,7
865561,-1
6194262,11
18498684,-1
6277512,11
1269251,11
6745742,11
9817642,-1
19649303,12
44114848,12
27531390,7
24866186,13
115965772,13
53477757,-1
213969309,-1
382823424,7
155976326,7
417622555,7
522817585,-1
233909647,7
292970754,7
146867687,7
61598133,7
286012612,7
88971791,7
34684258,7
18713254,7
452342492,14
17564647,7
77888423,-1
157218534,15
50901147,14
307206030,7
238308325,7
290097288,7
422253889,7
99066209,16
100383683,16
116379446,16
21982720,7
14129299,7
17780580,17
16637198,7
813286,7
467171076,-1
17567533,17
21122950,17
52488565,-1
15859033,17
34868965,-1
38762773,17
20479813,7
291670881,-1
20060293,7
18194898,7
172768360,18
23027237,7
14630319,7
407977463,19
75974281,20
37792861,7
22027186,-1
14998938,18
88617158,7
16252002,7
10886182,7
182157590,-1
84466455,-1
251261925,1
444895340,1
360245938,1
46750053,1
67348022,1
69641958,1
9917552,21
15515919,-1
20177423,21
19399719,-1
14288822,21
158895928,-1
36451558,21
17469289,21
33644693,-1
28357463,-1
62418341,-1
22412950,-1
19289396,-1
108507561,-1
42634830,22
18742076,22
248319608,-1
27702153,-1
19942178,-1
31268403,22
56026822,22
26511852,22
55631487,22
145472611,22
18177126,23
17225211,-1
63858347,-1
16618332,-1
13058232,-1
17874544,-1
18953266,24
146598800,24
175087260,25
247565758,25
26597332,26
2904691,26
39819394,-1
231770594,-1
53282345,-1
14372486,7
14427372,-1
203783262,7
25473689,7
28960709,7
132834166,7
373123978,7
22273748,7
22879012,-1
23140494,7
127178017,7
282447785,7
18361967,7
474589602,7
70600914,7
35701370,7
15249238,27
17595759,27
14818936,-1
18285245,7
23672517,-1
170424259,-1
14269220,7
263723790,28
305512397,28
15773675,29
6368672,29
48717817,-1
61040299,7
16436515,-1
147387316,-1
3293391,-1
24673002,7
30942099,-1
15577905,7
19010126,7
59804598,7
29659999,-1
2459371,-1
35407584,7
127437545,7
14917050,7
15849055,7
250906649,7
17702627,7
258531716,-1
38939069,7
10588432,-1
307629880,7
16563089,-1
252712327,7
114284224,-1
16693627,-1
47161442,7
185790431,-1
35831704,30
28209292,-1
172085164,30
362888622,30
24278900,30
200384703,-1
17174309,30
287877238,-1
49997792,31
28408485,-1
23272358,31
16186743,31
28120317,31
24233316,31
58113278,31
20801235,31
18739697,32
71599012,32
50339952,33
33940986,32
12892332,-1
14135993,-1
15435220,7
12419022,-1
114596637,-1
9555912,-1
6037682,34
9531232,34
11283392,-1
258842651,-1
300027658,7
17632072,7
229706893,7
38492717,7
93792044,-1
17986155,7
405954273,7
26281970,-1
84421229,7
16660064,7
19622462,7
124524869,7
24560836,7
14609321,7
267152817,-1
25421732,7
19014804,35
139124659,-1
14220046,7
15311166,36
188962593,37
101008987,7
25954266,-1
15928598,-1
15811181,-1
12223,7
87520051,-1
188046098,38
119897041,7
107172099,7
39832918,-1
86977818,-1
516982665,-1
275710913,-1
180419242,-1
23146711,-1
14208982,7
19469924,7
114340234,7
18148907,7
6374602,7
32520177,7
14355964,7
46319532,7
18294289,-1
89130924,-1
21556071,-1
17145453,-1
20611320,39
42828152,39
16224299,7
19550535,7
26785207,-1
18822863,-1
283612037,-1
35722372,7
113751683,7
19563357,7
276905731,7
15888142,7
64612136,-1
71827867,1
167112946,1
365103804,40
73745407,40
354717831,1
27970832,41
16213013,41
200214366,1
15094659,42
36750478,42
19364964,42
7458942,42
16045268,-1
17899109,42
21685295,42
123565032,42
26299078,42
13784532,7
466979336,-1
65289126,43
58308162,-1
21642976,7
19526770,7
11696732,7
40708033,7
22460658,7
39360648,-1
18124625,7
57615171,7
17483462,7
57946702,-1
15432028,-1
117252513,-1
51166558,-1
204424857,-1
255709259,-1
19564171,-1
21024748,-1
22396371,36
28617554,7
80700514,-1
24831437,-1
18682397,7
130339829,-1
23827692,7
240926153,7
25254052,7
481512517,-1
23800248,44
74011176,-1
87874905,45
186914308,-1
433873546,45
451883233,-1
312838711,-1
372593743,-1
425557586,-1
21595505,-1
108993961,7
16831715,7
187197078,46
8346982,46
13196662,46
22662672,-1
17554569,-1
14550264,47
13455472,47
14502775,48
5606492,48
13761042,48
14341671,48
194703864,7
86970580,49
14800270,-1
177593483,49
28539301,50
20495756,51
32893652,7
37878753,51
14783304,51
41476892,51
15993038,51
466830475,50
55488516,50
311214131,50
121063287,50
28208387,-1
151360659,-1
201484477,-1
15648827,-1
183634344,-1
161106955,-1
101661580,-1
7738402,52
12591,52
32460344,53
16633144,53
656673,52
14474785,53
110815031,-1
7552082,52
60591163,54
17648193,52
7826472,52
168453874,54
2060631,52
7400342,52
44004358,54
755346,-1
308551554,-1
15677204,-1
52934175,7
52832085,7
40813518,7
195934431,7
46553113,7
57903424,7
59872379,-1
5452672,7
130155510,55
18803775,55
173282921,55
25276905,55
21651598,55
16793368,55
59836995,55
14152810,55
128528922,55
21436558,55
104548229,55
16005730,-1
287316875,-1
23497893,55
15271655,55
64503060,55
54795290,7
36385076,7
21357711,-1
31037985,7
20130926,-1
87416722,-1
14224719,7
19982092,56
176930274,-1
51075903,-1
20050520,-1
23217907,7
27155383,56
248163660,-1
19337423,-1
278103138,-1
74735145,-1
20011697,-1
151505240,7
309754474,7
161966800,57
166747718,57
306265180,7
121295290,7
278109079,58
22317432,58
102794589,58
109769483,7
328726293,59
53717630,60
27476898,59
14230317,-1
5391882,7
14747507,7
21315721,7
16987303,7
16974572,61
20596035,61
16129920,7
213032194,7
77806232,7
87044829,7
295759517,62
219173613,62
27853622,63
27972426,63
250708662,7
141021153,7
140487396,62
171374806,63
129314858,-1
28229899,64
13165,64
13612732,64
20463300,64
22745706,7
147386402,64
14327760,64
14283433,64
30153287,64
93927917,64
23278844,-1
16434221,17
258953546,-1
18141016,65
16650023,65
46167548,65
19738459,66
18309277,66
312285643,7
11856762,7
348278208,7
14747960,-1
20298371,-1
23404483,7
127294902,-1
81501774,7
14050213,7
15805171,7
39693835,7
14252603,-1
16365403,7
14183551,7
42900952,7
18638460,7
9313022,7
7852172,7
225491959,-1
14108564,-1
213350034,7
42977712,7
35206553,7
434486604,-1
19738805,7
50890438,-1
1891381,7
16522244,7
123153760,7
17995419,7
312860399,-1
56493501,7
14335262,7
18586606,-1
34163,52
12555,52
11231232,52
823129,52
88996186,-1
134935099,52
14467403,52
65114531,52
4047941,-1
666073,52
2223571,52
13931982,52
48438876,-1
23462787,-1
199796510,67
54546430,67
174170923,-1
44705716,-1
281530541,67
222040026,68
19579205,68
525952691,69
523173553,69
25389372,-1
47,7
14,-1
16353769,-1
14838800,-1
6160742,7
14367669,-1
586,7
13652832,-1
6331462,7
15109716,-1
5813712,-1
18498878,-1
183836186,-1
14904282,-1
13334762,-1
17587207,7
111164068,7
100649666,7
38214426,7
223581250,7
95332892,7
34117454,-1
72753148,7
85013332,-1
39141427,7
92978326,-1
18591927,7
26519172,7
24357921,-1
38782424,-1
173343647,7
84137114,-1
128546554,-1
47293,-1
21232967,-1
14738232,-1
47723728,70
23477141,71
34082952,71
15428227,70
85479002,-1
51241574,-1
112755399,-1
8493562,-1
41188718,-1
2729061,7
17595439,7
16892481,7
11107172,7
7842902,7
20465564,7
79676954,7
43065900,-1
17092592,7
78034746,7
108931405,7
423385493,7
19676802,7
335343438,7
113804010,-1
26880929,-1
22120066,72
27870530,72
520178560,-1
18100254,-1
15160273,7
278598746,-1
185512077,7
76771932,7
7875762,7
56955361,7
28856770,7
15384864,-1
15788309,7
19370213,7
24232984,73
195316132,74
191229219,74
234914530,7
71671576,7
18824222,-1
11826672,-1
15775214,7
132951208,-1
33720339,-1
36444947,7
18201114,7
27782753,-1
345949016,-1
155115613,-1
271662759,7
312265900,7
73381700,7
113186652,-1
13473852,75
14372143,-1
6743,-1
14093238,-1
256651717,76
183786731,76
366795440,76
68503464,76
513798809,-1
52025380,76
90733824,-1
347376996,76
148727717,76
524605453,-1
66848856,-1
386064033,76
137527834,-1
489181359,-1
283147505,-1
176302452,76
338054017,76
389820347,76
13104722,7
15468834,-1
529041333,77
15923093,-1
156280345,-1
31524543,7
53391112,7
95212360,-1
129443148,-1
33390855,78
257484939,7
30545307,-1
17660341,79
81952694,79
16017251,79
19733653,-1
80650549,38
386161471,38
210903999,-1
86597957,38
767396,7
14413075,7
917321,-1
211329226,-1
14618863,-1
82532813,7
25095468,-1
1885511,7
14964767,80
761290,81
14780493,-1
26487169,-1
42472972,-1
25376735,-1
78408666,82
113420831,7
169610198,-1
3108351,-1
16364399,7
14335880,7
191613738,83
57507026,-1
43919633,-1
507731256,83
32547856,7
70736917,7
20290583,-1
26674923,7
245683115,84
246036834,84
16001975,7
820633,-1
7744882,-1
30027101,85
12640502,-1
18270268,86
17959695,86
15222719,7
14596798,7
66263785,-1
14816939,-1
10051022,7
14223829,-1
14749755,86
17913814,86
13276422,52
4664501,52
14214977,-1
6810832,52
14503,52
14257869,52
3339331,-1
16866701,52
12512,-1
392197972,87
487698090,87
460302787,-1
44494857,-1
321045403,-1
29143283,-1
39600392,88
34712510,-1
541259303,-1
115751705,88
55873816,88
531838038,-1
17587331,7
64069241,7
18698454,7
21415375,7
14443028,7
41530500,7
14766418,7
16747818,-1
8875752,7
42923074,7
19523675,7
2109381,7
15933993,7
16586811,89
54071173,-1
162775226,7
271176554,-1
108792399,-1
55738917,-1
40306315,7
22575703,-1
6370862,90
14521530,7
8708012,7
19092024,72
16562949,91
40349308,91
16593613,-1
67213875,-1
19624836,72
22575398,7
15955826,-1
19708600,-1
16489432,-1
9771562,92
42637650,92
18628801,92
38145245,-1
15402847,-1
19766673,92
225067850,-1
180302615,-1
14458660,7
14892073,7
15869453,7
197545021,-1
23095315,93
18479089,93
2891131,94
5388222,94
8162312,93
20941681,93
4733771,93
462357211,94
26358639,-1
9406452,7
91718540,95
6598572,95
17903702,95
22939740,-1
13607,95
16003349,7
14089595,95
86485333,-1
22058007,-1
13860742,96
13370272,-1
6981492,7
6223132,7
222886633,-1
58396487,7
204422008,-1
5765442,-1
7078212,-1
114284807,-1
21273459,-1
14120151,-1
21908150,97
46477415,97
14413506,-1
15300227,-1
80468801,-1
62886136,98
16274879,98
49517278,-1
14412888,-1
15081306,99
1963821,99
15319120,-1
14985228,7
15811487,99
116647098,-1
19210139,100
14226805,101
14499127,101
7319512,99
15209980,-1
107129460,7
181421220,-1
23904110,100
14499168,101
25738602,-1
58626100,-1
297527427,-1
410469035,102
15976255,102
21414413,7
13397502,103
17022234,103
13560922,-1
23547436,-1
15941338,-1
21249567,-1
18904121,104
23346663,104
16246065,105
14369901,106
195777968,106
12739092,105
144494655,-1
56705653,-1
22230044,-1
17740231,7
29403586,7
19608297,107
21314814,107
97119524,-1
20039889,108
81575608,108
381429945,-1
123937751,-1
365928619,-1
82208992,65
88957553,65
16517711,65
14980820,65
222959095,-1
14677998,65
17117000,-1
18778944,109
2269701,109
18425886,-1
835871,110
3094401,110
14502745,110
14091113,-1
368699637,-1
66619464,-1
14801863,7
879521,7
817288,7
36823,7
817268,7
19267390,-1
526316060,-1
14132461,7
11041,7
620863,-1
15903746,7
687613,-1
14724347,111
15267087,-1
160817572,-1
21682707,7
377796934,-1
300540758,-1
7566522,111
16065072,-1
19118802,7
209662233,-1
27458721,-1
43011256,112
552110505,-1
19216679,112
156458599,-1
79291414,7
5423502,7
139531245,7
21173505,7
248929163,7
21446776,-1
21433097,-1
34350246,-1
29088049,7
83423381,7
17358260,7
284136905,7
15917485,-1
15737386,7
16428359,-1
142977623,-1
164087020,113
48132194,113
16303393,7
27163503,7
97540798,114
15491994,-1
15905088,-1
14813657,-1
15861559,7
104489671,7
15135874,7
5576542,7
55633458,-1
32340023,115
85348253,-1
32462148,115
50706100,-1
897351,116
21116178,116
28299971,117
156406287,118
82298196,-1
30418870,119
157504724,119
193073314,118
68604037,120
28375496,117
61866244,-1
42902605,-1
12954862,-1
74134553,115
21451849,-1
20209459,121
27733550,7
18399652,121
467909899,121
397676952,-1
31601961,-1
12412572,121
17008726,121
160245898,-1
15829144,122
5758642,122
17001524,122
17026041,122
39434755,122
15222806,122
16955436,122
1769551,122
17002395,-1
17023344,122
15174477,122
308313264,-1
128161946,-1
140741639,123
117292837,-1
260867219,-1
70820129,-1
159219605,124
158961178,124
34244280,7
42993311,7
19549883,7
18010854,7
67045624,-1
15987971,7
15368404,125
25928253,125
18170896,-1
67020298,7
17368405,-1
10505322,7
58025433,126
343797833,7
2806761,7
14102913,7
87211271,-1
87325035,-1
15158217,-1
37745819,-1
30368213,-1
44201943,-1
24530820,-1
15759192,-1
18270938,-1
208448943,-1
33519870,7
389486164,7
506342927,7
45690012,7
324660438,7
40733774,-1
15977848,7
162770758,7
91858645,-1
120892393,7
55090226,127
292029321,127
67487321,7
186631937,7
156440716,-1
414569910,128
22092117,-1
15840846,-1
18734884,129
37138014,-1
47490207,-1
22320889,41
111728171,-1
16102927,-1
15140284,130
15140362,130
23389509,89
22196442,89
151967930,-1
16935292,7
93816184,89
113975798,89
5971382,-1
121568833,-1
27042513,-1
14404449,89
140925207,89
51352792,89
17843533,89
129450434,-1
183321820,-1
15381612,7
19886160,-1
1048651,131
3228691,131
14736168,131
27718312,131
33572600,132
13493302,-1
7613282,131
5271931,-1
17276183,-1
90941969,-1
39264421,-1
63061469,133
22104535,133
15435471,-1
24604813,133
33031116,-1
413468104,-1
126030998,29
27958687,7
33288294,-1
8861752,7
281257435,7
38764415,134
21131904,134
30064387,135
117305383,-1
24617214,135
384664689,-1
376787654,-1
191654691,-1
125653548,-1
50325797,7
115710058,7
80617430,7
22685638,7
149180925,7
266187076,7
15731368,7
48354754,-1
17060769,7
75246510,7
15816424,7
39394932,7
6351922,-1
647633,72
17637553,136
17638336,136
20005551,-1
222539176,-1
16072024,52
14207200,137
14933478,137
17461932,137
19006934,-1
10876852,-1
15382307,7
20291791,7
15395087,-1
341315592,7
17869922,-1
14711172,-1
17791350,7
3496641,7
15001424,7
21065280,7
11587712,126
277295851,126
193257525,126
60194854,-1
15032882,-1
15144028,-1
14222536,107
15070082,7
14371835,-1
551124967,-1
24163983,7
22593902,138
97127015,138
14319981,139
36765490,7
14485423,7
269247938,140
15318271,140
87693728,-1
11232892,7
21517540,-1
22127500,140
14794851,7
54695584,-1
378171907,-1
442498038,-1
36756075,7
17525171,7
8262112,-1
78670429,-1
7885972,-1
15386988,-1
1995371,75
121142586,-1
20893002,-1
26785608,-1
15181199,65
84692450,141
38741006,141
27268937,141
634163,-1
23674449,-1
21999591,-1
407403,-1
287859665,142
213093237,142
41384205,143
35106619,2
105538252,142
193956929,142
196421725,142
377645199,144
246486755,144
346308376,144
482532023,142
14268793,-1
14826124,145
3609021,145
18324686,-1
22343864,-1
14873835,146
14861784,146
141383571,146
185301542,147
26411479,147
15887110,7
4921861,7
16871637,7
258218804,7
61293513,7
18799041,7
92034937,7
459412561,7
93006320,9
19156507,-1
8951502,7
987681,7
14835889,52
10273252,52
23694473,148
237056755,148
153457964,7
16069548,7
19564013,-1
192168640,-1
190913931,-1
316832383,149
26813101,150
227037531,149
203226736,149
19167293,149
21905301,149
61588416,149
22420134,149
435978700,-1
22138357,-1
16334139,149
15741208,149
29057694,149
132585908,149
171168170,149
266580182,149
304407399,-1
13117,-1
96569103,-1
21334955,-1
57325709,-1
197310509,7
172887151,78
84368747,151
281347318,7
521909535,7
297683673,7
41627038,7
208942635,7
22075819,152
46461196,-1
28878624,153
124023644,-1
51256216,153
29338157,152
92283370,153
40333354,153
15921060,153
23899556,153
54368387,153
104538722,-1
276394701,-1
55309264,7
243439460,-1
43929488,7
15641259,154
18207202,154
7592102,-1
14496538,-1
42576711,155
232818548,1
231490657,1
79253197,1
124839581,-1
70129085,-1
447119980,1
14217624,7
23258851,7
49114409,7
7832982,7
26649958,7
4366031,7
124526394,-1
190388973,-1
146573101,7
165821961,7
185106915,7
43632459,-1
14416124,-1
21505330,7
35406821,7
10759032,7
201882918,-1
16442350,-1
322906622,7
18253799,7
297064190,7
140477628,156
14116195,156
15147397,7
224915605,-1
5702,7
1084,7
1075,7
44698296,-1
14118608,7
156797347,-1
2425151,-1
817386,-1
14304642,-1
285762606,1
101204352,1
217856118,1
160565602,1
143169862,1
170922633,1
166153909,157
21068395,2
174787160,157
86391789,-1
164686885,7
15450986,158
19637701,158
19162933,7
440986997,-1
26917507,-1
8254252,7
30412010,-1
27178298,7
27909367,-1
20442476,-1
11228702,7
6456482,7
11211792,7
11161852,7
26572460,7
21668309,-1
14997105,-1
14134265,-1
15726728,7
387901191,-1
22657153,-1
14656647,-1
245722114,-1
59469595,-1
18523512,159
383677809,-1
30085825,-1
14325926,-1
180489407,7
15679119,7
21019826,-1
75607148,-1
15252736,7
11183772,7
133315738,7
69661906,7
344916112,-1
30535561,7
15181936,-1
16243471,7
86157495,7
17418971,7
17714569,7
14158742,-1
38018311,-1
250376643,7
58653515,-1
18541130,-1
18001974,-1
22900797,7
14451892,7
16647553,-1
8986012,-1
18838035,7
15983991,160
388952222,160
242480207,-1
20467333,-1
46409572,160
39506306,160
128246454,160
7597362,-1
8383132,-1
217195997,160
14586604,160
58479193,-1
224296503,-1
64840773,160
62501328,160
320957207,-1
16966832,-1
28624790,-1
29375321,-1
5357362,-1
15567576,7
10115042,7
1193301,-1
16617693,161
12101862,7
17844641,-1
18962501,-1
367661207,161
23878044,7
235766196,7
22362068,7
4213251,-1
28056344,162
16158496,162
50940456,-1
15141620,-1
8162032,-1
276270001,-1
33029997,-1
17632320,44
24938230,44
25784423,44
13229902,7
20571654,7
56044426,-1
22058101,-1
32398059,44
46740532,-1
147793150,44
92409018,44
26065154,-1
8557,-1
20590747,-1
87798068,-1
8320432,163
14323435,-1
14999606,7
13862162,7
16651072,7
44909928,114
16415670,7
247521647,-1
21469948,-1
29994187,164
25249814,-1
22680926,-1
28061932,7
40168339,-1
15224719,165
104563131,-1
33601151,166
17489445,166
78389587,167
29311785,167
309975022,-1
18181487,7
5906322,7
471963,7
11253262,7
15859039,7
839321,7
3715,-1
17239694,-1
80523,7
7089382,-1
15127258,-1
8834612,168
19471361,168
18815604,-1
7320172,-1
16471415,-1
15081902,-1
18681592,95
17870501,7
14839415,-1
14839489,-1
13274152,-1
18533036,-1
58528137,19
200606907,169
74499126,169
121570037,1
110760237,1
9938852,-1
147665130,1
129631184,1
111492860,7
15418343,7
21224587,7
282704498,-1
143719617,-1
223604439,-1
24196674,-1
7218552,90
21655440,-1
469357690,7
22596969,170
17821671,170
43990153,-1
175767720,171
50316406,-1
184146952,7
84114921,171
89826562,170
323520663,172
114384624,7
17332119,-1
35795904,-1
14355610,7
36471939,173
20165052,173
46170816,174
115749048,-1
14125800,-1
15743810,125
19006707,7
84155547,7
14625398,-1
18038892,-1
39522848,174
17795406,-1
15812461,-1
18382692,7
24297552,7
307044653,7
69816513,7
467966761,7
58129878,7
10384112,-1
325641978,175
4267411,175
58347421,175
394380766,7
14711937,176
14359507,176
20011858,-1
15383,7
10386322,-1
158558510,7
40076725,1
450967347,-1
214139780,-1
72357609,1
190833564,1
247583674,1
110865804,-1
57496410,-1
103129824,-1
388556323,1
122167377,-1
526216513,7
1689591,47
22292456,7
83451356,7
49105052,7
88454202,7
36419618,-1
61781462,-1
71478544,7
174273365,7
50558352,-1
144320202,7
168231881,7
308641060,-1
163739424,7
101370287,7
195851893,7
1775861,7
16249596,7
220955782,7
36778012,7
15346786,-1
96890549,7
27778893,7
17908655,7
17133173,7
173965448,7
38056617,7
6487292,7
25029877,-1
352001311,-1
3943871,7
17368639,7
14401607,-1
14281853,7
6107422,-1
19963701,7
26727655,7
20449993,-1
16600626,7
4898501,7
246934751,-1
28876577,-1
18334064,-1
35520155,-1
128688675,-1
36782237,-1
42096654,7
22721485,-1
16032577,7
84200495,7
175633082,7
85718756,7
536821908,-1
174768030,7
45951258,7
50640633,7
30086507,7
18654764,-1
37876253,7
19089252,7
230282119,7
353780675,-1
52205516,7
18940128,7
86204900,7
13559692,7
6023362,7
10922662,7
15962697,7
3375481,7
33753936,7
260275101,7
14244465,7
14850955,7
18006698,7
8596022,7
56623,7
15150828,7
9759932,7
15671992,7
16274712,-1
15716039,-1
165908478,1
216088014,1
327102622,1
173468248,1
14309129,177
1445981,177
18342536,-1
30290325,-1
15332029,-1
56278217,7
278920924,-1
243691293,-1
42890905,-1
19668592,7
20796323,7
44946555,178
14622694,178
14050235,178
38278278,-1
236699215,7
219152459,7
31537029,7
33787115,7
6080022,7
63233369,7
29852657,-1
14722564,7
14946893,126
245194221,-1
48619486,-1
23470438,-1
160820894,-1
47481061,179
49098552,-1
459898457,180
210747974,180
18510296,-1
18151654,-1
17416267,181
17693446,-1
47777346,-1
19851359,181
31477608,7
19703935,7
12409312,-1
14416552,7
22693053,-1
17397762,182
16566306,182
29663668,30
45466925,183
14117843,-1
19607767,-1
79464719,-1
16430887,165
19222164,183
23602815,7
22703645,-1
14935647,7
101721302,7
116308543,164
104084647,184
234533857,184
272016961,184
76038813,184
18185593,7
15192772,7
46002379,7
17230018,185
15111448,186
19117113,186
99567847,-1
14881982,-1
33175761,-1
44431366,187
26825852,187
223183968,-1
184888391,-1
19976756,187
53491922,-1
47424517,188
42547398,188
90452330,187
24744179,187
132733414,-1
48442106,-1
70257108,-1
22941372,37
75282074,-1
14269172,7
15510569,7
25940364,132
2824221,-1
159294262,1
161011066,-1
154899708,-1
46011060,-1
18225966,7
15905103,7
16896485,7
185309457,-1
16676528,-1
28439478,-1
366971503,7
425436243,-1
15506452,-1
90972884,189
19345378,189
104048428,-1
45177955,7
404441601,7
335005201,-1
277152703,-1
121710301,-1
122438932,-1
556167733,7
20976154,7
92609578,-1
18259232,-1
252630232,-1
18481050,-1
19611483,-1
160062130,-1
279393981,190
435551972,190
8918012,7
36204399,-1
34222093,-1
17016830,-1
259984813,-1
261434167,1
490922827,1
383830013,1
62557485,2
120518909,-1
33522957,-1
57111966,-1
76936279,191
301045962,-1
19672596,-1
172531871,-1
68047611,-1
18760107,-1
223079863,-1
19209687,-1
61123704,-1
6854942,-1
17019152,30
19952246,-1
16378486,192
16700766,-1
14339261,7
59000613,7
144064703,-1
167561718,7
9814222,7
1059801,-1
14603011,7
14458280,7
6877722,7
57284417,-1
11489,7
30008826,7
70096167,7
193563287,-1
14828249,-1
30206144,-1
209081337,-1
7198262,-1
385587514,1
322690327,1
507288463,1
140640190,1
262182509,1
185331750,1
357866811,1
322687731,1
72410358,193
59702581,-1
101145387,-1
22587138,-1
10350412,7
15668559,7
19120420,-1
215328630,-1
385813764,-1
34145873,-1
38123470,-1
25547701,-1
14888217,194
15082762,194
12683442,-1
16373202,43
15381737,195
784304,195
82459133,-1
23830366,-1
15422847,7
237273873,-1
42040091,196
14667714,7
488061226,7
20333302,-1
136079475,7
39070445,-1
300532683,7
18886900,7
8813002,-1
60665688,-1
56337457,-1
38010788,-1
14631433,7
477792933,-1
426773431,-1
336597532,-1
344439820,-1
25105135,-1
19575980,-1
545309191,-1
169112757,7
24793429,7
27998627,7
23826838,7
87478141,7
14058735,7
57435204,7
150347034,7
18234247,7
25019166,7
30981586,7
7027282,7
1258391,7
19638752,7
55270849,7
407116083,-1
142391273,-1
168771252,-1
14228208,197
310058709,197
360738836,-1
102206775,-1
15532765,65
135579990,65
25371730,65
28097924,65
14750983,65
26823203,-1
23324461,65
25124390,-1
58447555,7
298587541,7
60943588,7
104352067,7
317347414,-1
24482785,7
14565565,7
22595031,7
20509649,7
19353750,7
14558385,7
20332925,7
62059086,7
63725198,-1
22131586,-1
16740151,7
18079495,7
94877567,7
17087191,7
23336217,-1
18084906,7
21744518,7
15702262,-1
107372075,-1
46315888,-1
83583303,-1
280028950,198
382232560,198
171681366,15
152741998,15
172530816,15
168759944,198
169982466,15
104564514,-1
47282396,15
16987555,15
75521184,15
18923282,-1
14089309,-1
17552020,199
69168314,-1
16303871,199
23914011,-1
26741765,-1
1222621,7
78039441,200
44402429,200
1786101,-1
21902226,201
33059408,201
14877628,7
20727866,-1
16336077,7
30207781,201
73545592,200
66204908,202
77275653,202
34991732,203
58569776,203
15216270,204
56856558,204
111652884,-1
69107668,-1
52835221,204
92347682,-1
47393360,7
104517739,-1
18364847,7
15822493,88
319576850,88
130047324,88
363403954,-1
7588102,-1
419522236,-1
14470931,-1
166699208,205
96060682,205
51698866,205
99543751,-1
11703722,205
75944654,205
50892530,206
16974253,206
14862017,206
104071049,-1
274144170,-1
40289734,205
90919024,-1
21349535,207
53150331,207
20997349,208
18292513,-1
73271762,-1
20866261,-1
14602589,-1
18916748,-1
261034525,-1
355704786,1
301186183,209
241715867,209
224160357,1
387439469,1
217906657,1
342388972,1
189952416,1
87571114,7
169921002,210
347788405,7
182883839,210
265479915,7
21952872,211
16005250,211
178456134,89
180509355,7
50735431,89
17501358,212
200163448,-1
23697509,-1
19404587,7
235146909,76
401417487,-1
7826492,-1
81053602,-1
157247429,-1
20195073,213
15086499,7
3200541,7
16813929,7
17324205,7
53395621,7
108508328,7
61442211,-1
97008128,7
19981036,7
163550067,-1
31639623,7
50965086,7
128246602,-1
69231483,-1
197341208,7
21645304,7
157947389,-1
18028703,-1
71600011,7
161482772,-1
60092902,214
25180057,214
21460249,214
44383122,214
55793637,7
171108403,7
61788140,-1
147324465,215
19917446,-1
15582088,7
82775046,7
19519021,7
225634187,-1
16400388,-1
236657680,216
2747211,7
17737498,217
33010760,217
16147376,-1
3704581,-1
357359582,-1
65897036,-1
18557731,-1
87027640,-1
15209941,218
9247852,218
17469332,-1
14751849,7
26058342,7
7805942,-1
130559528,219
103532942,-1
131935531,219
25492883,219
113470669,219
25680767,219
27835859,219
20157590,219
133272665,219
276991796,219
19206177,-1
34575169,-1
24049717,-1
38034789,-1
30979533,220
19212622,-1
154602438,220
18072308,-1
22561519,-1
21139132,216
86146072,-1
22843068,216
409628807,216
20578176,216
18148282,216
72831048,-1
87697628,216
20193243,221
18791048,-1
177619180,-1
190900921,-1
83367556,-1
54402700,-1
77306913,216
22037477,216
54997681,216
71181708,-1
339875129,221
56258810,-1
76940234,-1
28851282,-1
19388771,222
62831503,222
358030466,223
442587710,223
14683704,-1
86993101,-1
350322420,1
122703083,1
392251125,1
20958456,7
27711706,7
458341610,7
249996933,7
68721382,7
165411431,7
225142835,-1
299926425,7
30982580,7
15816057,7
14260655,7
216977719,224
54476281,224
16807882,7
202037047,7
78569026,225
60972923,225
172933026,-1
3299561,7
108908302,7
19302265,226
56431113,89
2450021,226
56758151,-1
128627411,-1
33669807,7
16815619,7
42897096,7
273617441,-1
74274804,-1
18924664,-1
15010978,-1
14540042,227
9272,227
17995580,228
18066440,-1
18988466,228
76980293,-1
14312916,-1
69099998,-1
11173012,-1
15759166,7
29806910,35
98510175,-1
291353700,-1
16803196,7
15961191,7
74913172,-1
30800681,-1
17505533,-1
34793170,7
25527966,7
22749632,7
90021519,-1
254218516,-1
20379995,229
74622259,229
18829102,229
22661707,229
31200707,229
182101865,229
208062005,229
14500804,229
304233994,229
125835042,-1
79238164,-1
16634377,-1
145384717,-1
21778842,230
14803917,230
96354730,-1
162041401,-1
195938803,7
20690398,7
368250901,-1
298149942,-1
126052919,-1
17426542,7
249339326,-1
315432213,76
279251969,231
240657729,7
282622795,232
148914977,232
262045931,7
220861472,7
114890849,7
226426309,7
234485146,7
417311399,7
36756569,7
280919733,7
313020467,-1
240393947,7
145950327,7
240923162,-1
16703744,233
24969285,233
444387391,-1
15519886,-1
45156251,-1
171693385,7
17424872,7
23793447,7
95097958,234
21038628,-1
39363307,-1
217545284,-1
14262811,-1
19185333,149
158844523,-1
95431448,-1
36370704,-1
242555999,-1
284530356,-1
111116382,-1
22814630,149
29774968,-1
30551983,-1
38970940,-1
113741817,-1
20714308,-1
86744499,-1
217416964,-1
9855382,-1
197272283,7
148058483,-1
17401717,235
17112268,-1
16161210,235
27476141,-1
6708412,7
330216187,-1
103096174,235
19209208,-1
38090893,-1
18729482,236
15186890,-1
30007505,236
40893066,236
15698746,-1
343918825,51
15914915,-1
74796174,236
93146357,7
15189524,-1
23776156,236
63010830,236
49101109,-1
66530713,7
14269160,7
13353162,-1
19027116,237
19976980,237
107867162,237
166663563,237
42584178,7
14467421,-1
15876654,7
18184416,238
105223,238
9487272,-1
7914552,-1
14455784,-1
25070195,-1
14371916,-1
281657193,-1
16542981,7
36964520,7
20466609,7
6830712,7
49086693,7
232676888,7
14524297,7
23516324,7
18957239,7
24644909,7
19809876,-1
18324005,7
16151653,7
16979946,7
12730882,7
27618085,-1
14359567,-1
156204515,-1
237985689,7
16999210,-1
301863759,8
243874674,8
548020172,8
306823516,-1
338554536,-1
191750596,239
52672768,-1
40297195,239
346720096,-1
48335027,-1
16065736,239
17872052,-1
23080244,-1
108171720,-1
184985588,-1
76512809,240
50740810,240
18708568,240
93907146,-1
18398245,-1
172495959,-1
36779213,-1
18384904,-1
21071513,241
30451960,241
92319025,1
234082615,1
211933541,1
120182604,1
210072500,1
22644063,2
22981846,7
8888672,7
18913179,7
6666312,185
3283901,-1
76831143,242
177564924,242
19198381,-1
17511527,185
5309462,185
20152310,185
279515481,-1
282348945,242
325583724,242
5938412,185
740983,185
39277194,-1
265062844,-1
72665816,243
34722669,-1
98731745,244
16332223,244
46766777,-1
24179879,-1
272652543,1
230484387,1
138618802,245
114607362,245
114476572,245
141713916,245
52471614,-1
174293510,-1
152065057,7
97088346,1
20397385,-1
20340917,-1
16983297,17
484299228,17
18566621,-1
373079416,-1
193483797,17
13555802,17
15335123,17
380503334,1
280049106,1
232907264,1
107790914,1
220712849,1
124866710,1
538389207,-1
20281602,246
20448733,246
82140652,247
206101355,247
71273003,247
25869468,246
17597716,246
14452248,-1
19927627,7
40703164,7
9340912,7
22851036,7
1511081,7
26011572,7
16543012,7
26029878,-1
28801508,-1
166853688,-1
21201598,89
14173652,89
73012388,-1
104268166,-1
16018285,248
144218227,248
195305346,89
48903480,89
137702106,-1
116081221,-1
26125943,-1
86152110,-1
28541908,-1
275020671,-1
372084834,7
23066251,7
120068116,-1
146560386,-1
375038445,-1
93155000,-1
325911794,249
330552752,249
8119302,7
20575324,-1
17133445,39
248007541,-1
176099750,-1
15231413,38
12701122,-1
18174804,195
28444033,155
17142478,-1
48377518,7
29480700,7
292004117,-1
22662244,-1
18955413,250
45296039,250
22646558,-1
16002751,-1
16106608,-1
80327382,-1
39058866,-1
505372527,1
308697431,-1
227454804,1
278776823,-1
85349324,1
219348483,-1
433789613,1
135397331,77
20611853,41
14364626,251
39904933,251
16715729,-1
148032978,76
245039566,-1
420456892,76
25489250,-1
26138657,-1
62601901,252
38346612,252
86938734,76
106071160,-1
109342607,253
48103917,-1
321504648,-1
16794934,-1
88349752,-1
276841724,-1
43105737,254
16434105,254
66331720,254
147590684,254
47897905,254
6449282,-1
20531146,254
122194011,254
32676724,254
14363353,254
141982955,-1
414285107,-1
36574704,-1
262174528,-1
430703073,7
92181077,7
213829863,7
459491802,7
17215276,7
428428152,7
25656304,-1
772844,255
150766782,255
47268815,-1
128376989,-1
56184156,256
47846099,256
24886033,-1
23994280,195
23095837,-1
21494701,-1
25203129,257
14246892,257
14179496,-1
25512981,7
7568282,-1
16540673,-1
499900026,1
404688845,1
69168087,-1
18925386,258
16966381,258
257056967,-1
118161980,-1
17819033,42
300519766,42
23124408,-1
20475703,-1
15825547,-1
30475681,-1
31572616,7
31531849,7
22207071,-1
19186071,7
64122735,7
219419701,259
67060417,259
6804822,259
161705745,-1
10541532,-1
19396256,-1
23991440,260
29298804,-1
19647125,260
21646098,-1
356430421,-1
63254895,260
17234024,7
356034002,-1
22148819,-1
59162445,-1
353952064,-1
341756256,1
310424126,1
266912770,-1
194939391,1
321029545,1
332353057,1
374337374,1
231444167,1
181299506,1
231921253,-1
115222629,1
125885487,-1
152036250,-1
219069031,7
177471917,126
177473412,-1
14102076,126
14426487,126
177081090,126
177372465,126
111777598,126
14628172,126
171883639,126
231576588,-1
177468759,-1
15433739,126
46254908,126
19103586,126
54349977,-1
17649043,-1
125043122,-1
72235760,-1
20517215,-1
108983630,-1
339056433,-1
81093,261
313703817,261
20240002,7
14539153,7
255790981,7
388692278,262
472390921,262
40645624,7
14174392,-1
29374886,261
266182056,7
21791940,-1
46754170,1
34980364,7
27003337,7
14955620,7
17066312,7
17560195,7
117237387,7
235178769,-1
198567769,7
17451742,67
97465432,191
229585537,-1
64611446,7
31162746,-1
20175678,-1
54966644,-1
197600651,-1
160779918,1
302768530,1
205009543,1
212247905,1
209735408,1
178805277,1
446010132,1
419160168,1
304550437,-1
252782730,-1
103652294,-1
40913222,-1
149217510,7
804261,263
10647432,263
693803,263
15170346,125
267425413,1
292290229,1
228881320,1
204690606,1
84279963,-1
220988078,1
89018574,-1
183545030,1
126740342,-1
129190981,-1
241611639,-1
262809669,1
468931020,1
221338479,1
221731648,1
27853708,7
358387093,7
38699900,264
19670772,264
18776987,-1
10292772,265
64318383,-1
39319616,-1
29114279,-1
18220380,265
17006579,265
14708012,-1
54743,-1
117802300,7
28267054,7
16898856,7
242202585,7
9705432,266
14087328,266
16560623,7
21145433,7
43822174,7
83990838,-1
15639558,7
17207272,7
9359222,7
19251068,7
16049481,-1
18964468,-1
69027629,267
14005532,267
255761021,267
182384867,31
47768150,-1
84505452,51
177336885,51
15944708,51
42526763,-1
66029528,268
152820428,268
18755970,269
13369452,269
16871584,269
19115080,-1
25796104,269
61420787,-1
393242944,7
396094902,-1
394475305,7
179743459,7
327851931,7
98821255,7
135704870,7
14365883,-1
233527224,-1
79119341,7
333815274,1
219723179,155
191280225,-1
388118957,1
83220932,-1
134897142,-1
25488031,270
27142516,-1
132089187,270
44475539,270
30369538,270
124656976,-1
89743473,-1
70736039,7
17467682,7
262171829,-1
267923399,7
285877012,-1
116878734,-1
88365320,-1
68801460,192
16444233,-1
1294231,192
59947068,192
46957051,192
145724592,192
22587869,192
17677636,192
21105092,-1
19554219,192
22568011,192
123633259,192
22369057,192
56891751,192
31432492,192
40198892,-1
78231411,192
16531357,-1
116658090,-1
102633945,-1
114829367,271
21021166,271
21609473,271
37763201,-1
29977036,272
63303106,272
268479992,7
24736925,-1
17198373,7
69944997,-1
12831482,-1
86823765,7
17578749,7
366849338,7
258280763,7
23885728,-1
16120265,7
14299203,-1
24405149,7
13577212,7
227828856,-1
153198631,1
303482442,1
256744683,1
61522899,7
208730285,7
358083488,7
238110322,-1
24574626,7
116829229,273
177030011,273
255253245,274
209143637,274
28931013,275
28929267,275
24939978,-1
156994284,-1
21337712,275
47147828,-1
14267965,7
14611017,-1
29788092,-1
26039086,-1
44561295,196
32140588,196
18949879,-1
63356332,7
29112695,-1
36525774,-1
14982451,7
16874685,7
320939752,7
479997925,7
256497288,-1
184426481,276
487329454,-1
38761811,7
20224976,277
22652938,277
74697858,9
115743614,278
70160230,279
20426515,278
19339490,277
46415678,279
38823390,-1
8126322,7
14710589,7
185963016,7
14092013,7
177658536,-1
25675498,7
236096332,-1
69802536,-1
343341790,-1
21069452,-1
23538464,-1
18227340,-1
30417505,-1
92767002,-1
86176636,-1
340685089,1
459632171,1
66431262,280
116914779,280
785645,-1
8521542,-1
27546808,280
487859640,-1
41692369,-1
282743175,281
446712660,281
259387453,150
14591500,-1
15771419,-1
390356722,282
390947575,282
30781454,-1
248179455,1
342421694,1
242692217,1
142634662,-1
192537546,-1
19792347,-1
72357328,7
115409651,283
219806343,283
15947348,7
133317553,7
1617891,-1
50468526,-1
33777251,-1
8881,7
19793752,7
18568431,7
81700833,7
47480137,-1
309937733,-1
162124716,-1
17183692,-1
19880440,-1
18102187,-1
134286721,-1
169572927,1
455697092,-1
95959272,-1
349054621,-1
122530604,284
123417458,284
24602560,-1
62745759,-1
115192143,285
260705759,285
65986990,-1
7751462,-1
17347261,-1
443478494,-1
370819399,7
282862692,7
96551826,7
261171156,7
198732306,7
363382373,7
336269684,1
178874748,7
25797592,7
43614909,-1
450952913,1
94083684,1
277171542,1
197821095,-1
234470418,1
84609243,1
128299973,1
226228873,1
197548360,286
63258863,286
272002061,286
99467249,1
96071489,-1
117946816,-1
81049395,-1
51796251,-1
16187815,-1
14193620,-1
31364943,-1
19087450,7
13557972,-1
21149618,89
16349559,89
224491023,-1
330678412,287
341260999,287
22332114,-1
22813923,-1
57503080,-1
777925,52
8438932,52
23468302,52
1692881,52
14602130,52
13166,52
42242439,288
18179447,288
31393,52
14624209,-1
22677962,-1
20733754,-1
787864,288
15644999,-1
1765921,7
7478612,7
18907022,-1
14876536,7
997,7
15051601,96
95409471,-1
14187770,7
12038842,-1
458655133,7
167429242,-1
14145296,289
383558512,289
317581133,7
104718222,7
25917741,7
323602128,290
25713189,291
29009790,291
245915466,290
374895823,-1
252887704,-1
525881165,-1
93959777,292
91681244,292
217930063,7
21841724,7
51835387,164
28779024,-1
34859464,7
343879647,1
382370111,1
391675394,-1
71851394,1
113714296,7
419271809,-1
374347717,7
157623011,7
295663086,-1
54437342,-1
22821175,-1
211866318,-1
21761662,-1
19616718,-1
18469843,-1
78982926,-1
20875991,-1
322069904,-1
24001954,293
20172221,293
38102814,293
19409006,293
18640668,293
169987795,-1
18223930,-1
57650649,13
16462661,13
29151815,13
421286008,13
267828234,7
272170644,7
54325840,7
333151960,7
88367086,-1
37605913,294
20448269,-1
21225900,-1
15515673,295
65111341,295
10886522,7
78419512,7
15745674,7
29825098,-1
15535730,7
78784199,7
5744702,7
31263739,7
57026351,296
14525652,7
169762337,-1
301086893,-1
190381853,-1
212682266,-1
258563458,-1
92226678,7
120428242,7
15254423,7
24910422,7
1338891,-1
268876919,-1
371107639,7
313846689,7
46346085,7
282704372,7
236698395,7
15092621,-1
36459516,-1
24332709,7
191504048,7
22676390,7
20076561,7
17169320,7
225604003,-1
65412757,7
16060481,7
261559166,-1
35067687,164
14306568,7
61525167,7
20293613,7
14386631,7
13700542,7
20452435,7
60741908,7
7373292,7
45036374,7
19890521,7
66836254,7
6016062,7
15656040,7
15810356,7
50524451,-1
305646642,7
293392015,7
341603426,7
309135583,7
359791673,7
393829618,-1
443942522,-1
327693487,-1
538624947,-1
341101965,-1
507598727,-1
5654722,7
5033381,297
21672825,297
160522286,298
58238234,298
188025840,299
21540725,299
19868934,-1
8200352,-1
125502730,1
509143497,2
60102179,-1
92346912,-1
42487653,-1
240959105,-1
15620557,-1
37549379,-1
276604734,-1
368527647,1
150086351,7
16395449,-1
167063925,7
42926101,7
33051040,7
19407585,7
47195875,-1
31808570,-1
347732165,300
35761106,300
89024581,-1
39887890,-1
36231321,-1
14780759,-1
14503818,-1
41806953,-1
14539464,301
16088814,301
19799579,-1
152411920,-1
199846203,1
217742175,1
433878558,-1
375407274,7
90739121,-1
276551208,7
417407285,-1
365843255,302
46671605,302
23260786,303
118205135,303
45772968,303
472442403,303
553946273,-1
112004687,302
170528063,-1
21453615,-1
19995834,304
16201775,304
17146677,-1
21689936,304
501303192,-1
20189970,305
322981764,-1
276248696,-1
90959399,-1
134889262,7
34457931,-1
42792184,-1
91935208,-1
21093865,7
60178856,306
60108571,306
38124754,307
821142,307
390272449,-1
356300701,107
32263651,-1
397495448,107
60744539,-1
265802800,308
77941263,308
475340538,-1
18719196,-1
387928178,7
52285847,7
13108932,7
388485013,-1
16613314,-1
373653008,-1
331703899,-1
15582769,7
190233732,7
14159087,-1
28114539,-1
122487840,-1
18946688,7
317642104,-1
321096972,276
319625617,276
464435768,276
554003471,276
343051634,276
379644023,276
512638904,276
320140485,276
395472453,276
397322647,276
339799759,-1
351641666,276
466121896,276
394239302,276
50042330,276
195066320,-1
360268721,276
284681556,276
524620711,276
300012435,276
349741737,276
398462787,276
221859696,7
361180130,-1
427603063,309
124079873,309
15149791,310
8002822,310
14222551,-1
219069857,-1
309237384,311
16384688,311
336586492,311
19412541,311
354569107,312
27935501,312
16631253,312
342149433,-1
360169494,312
112780263,-1
25453503,312
241642996,-1
14497225,-1
25602839,-1
62804806,267
41598554,7
15411162,7
17124747,7
9406942,-1
15419796,7
26326756,-1
19038395,-1
157044469,-1
27073265,7
71577469,-1
15467466,-1
326755929,88
15171478,-1
17024955,-1
101532459,-1
237315244,313
282388693,313
335641572,314
29993099,314
37752399,-1
37528320,-1
290871738,313
255238984,-1
498095362,-1
210254309,120
121918392,-1
306005773,120
196790768,-1
34537196,-1
35502708,315
208891656,315
265781635,315
326371495,315
53296515,316
27581773,-1
32530227,315
283193474,315
414415556,315
463194918,316
7594982,7
14238569,7
35986710,7
888981,-1
17821932,7
7797552,7
2009991,7
13171472,7
111478759,-1
49774608,-1
18667907,-1
89898430,128
19003050,128
403473415,128
19534433,317
81789092,317
35233873,10
15714648,-1
206621725,10
9595022,-1
47673661,-1
25577351,10
337616527,-1
227126986,7
380196467,7
357741061,7
88130019,7
429537308,-1
508226086,7
46140684,7
325670642,7
65936054,7
218764303,7
26967932,-1
191601056,7
95096748,-1
37931906,7
24166711,7
37229840,7
90203412,7
325799091,7
268548585,-1
238431491,7
480113860,7
333881828,7
363172778,-1
409584473,-1
15053372,7
47960185,-1
405122243,7
369956429,-1
343913571,7
118135933,318
384452872,318
429289159,318
187722919,318
254123924,318
176939238,318
346880024,318
119171551,318
50054844,318
411011857,318
302643429,1
181710644,318
368699121,318
375214274,318
23853807,7
6427892,7
200959768,7
38901224,7
398994309,7
450735279,-1
15208837,-1
292778377,-1
293034407,-1
159061456,-1
173799840,-1
48398960,151
90226862,-1
25845428,-1
23089228,-1
30745262,-1
19770557,-1
17001189,319
26038292,319
17029324,-1
27567775,7
30067876,-1
35972874,7
14599470,-1
173597141,-1
210428550,1
119798626,1
68316611,1
33830368,129
15471060,129
122179144,-1
141255819,-1
16397686,212
15453752,7
133404204,7
20012454,212
66405948,-1
337802792,320
337537112,320
336958044,-1
475134373,-1
22704248,-1
136278069,7
416824474,-1
170512878,-1
102173255,-1
82522075,321
283388768,321
166226911,321
88692036,321
50322783,-1
195171695,321
97761486,-1
159971257,-1
29134751,2
360914929,-1
99491032,-1
510425787,-1
93659369,7
15286368,-1
181076223,-1
19787153,-1
296216073,-1
158035139,-1
45231082,322
70122463,322
182414019,322
41582548,322
151959257,322
283602905,322
231004001,322
133756497,323
246023376,323
29879795,-1
26221897,-1
54249319,-1
353665909,317
23087952,-1
18991464,85
21993337,85
44616049,85
19685455,85
54377889,-1
340387460,-1
52830048,85
68898458,85
19720220,85
36688071,-1
77113444,-1
543002517,-1
218565522,-1
154992848,-1
20212580,7
34742074,7
306604708,324
295817535,-1
15327996,82
34778564,325
22708540,325
26054442,326
96585601,326
45586373,-1
15036041,7
260281892,7
355637036,7
213832879,-1
54514600,7
202500496,7
54981249,-1
183502719,327
261074207,327
122111980,328
307652781,328
300536012,-1
555521357,294
47005906,329
345930964,329
146768204,330
167709705,-1
29368258,330
428000060,-1
86581491,-1
17797942,-1
27922928,-1
21434769,7
33387856,-1
44771048,-1
30397013,-1
48634799,-1
71553401,331
24223185,-1
21212730,332
53751973,331
43441291,-1
188154135,-1
255802087,-1
95248526,-1
18740669,333
18562064,333
261227209,333
87273337,-1
386209891,-1
50597693,-1
61235410,334
380663874,1
72323229,334
322358312,334
139084494,1
24875696,335
40580391,-1
66004143,336
45047314,336
38676123,335
63372660,335
33940400,335
64241129,335
78311082,337
97115053,337
64518122,-1
215394089,337
152511987,335
18141369,-1
73762766,338
351939436,-1
53756926,-1
97552857,338
148181878,-1
104572249,143
151145458,1
119926579,-1
103394477,-1
7207032,-1
14792444,-1
253360762,-1
19238008,339
44191022,339
32824804,339
113713593,-1
9604032,3
75708763,3
61969331,-1
243614856,340
276124559,340
230396531,340
54243949,341
208545425,-1
5244591,341
30495007,342
40321134,342
64954625,-1
309808270,-1
228448689,-1
61313954,-1
219115830,-1
9179362,52
151252407,-1
17623957,-1
43834581,-1
811303,-1
71928368,-1
45516390,17
25136067,17
34484725,17
113430220,-1
7718082,-1
17979038,-1
370762041,7
233011448,-1
36157507,-1
19619047,-1
45694782,-1
339503567,13
381835552,-1
29642675,-1
19894159,-1
20124712,-1
314550074,66
8056522,7
8304842,-1
276322412,7
33449028,7
18219754,-1
18190259,-1
49210949,8
248748948,8
322171570,8
271250182,-1
51551720,-1
16541808,-1
117359940,7
15431344,7
18594420,7
279863186,-1
452631923,-1
45634961,-1
303895934,-1
262310943,-1
150197363,-1
173852432,-1
257284859,-1
209125412,-1
37508790,222
400814530,-1
413395657,-1
42588508,343
26438384,7
14338082,-1
21981231,343
18559944,-1
28071884,344
66515918,344
28433775,7
50223887,-1
435255730,1
29089122,7
355009696,345
16448588,345
457400706,345
50738078,345
249188812,345
272077982,-1
43161519,-1
267318068,345
135187349,345
408209095,-1
21907788,7
14444891,-1
96174685,346
18393753,346
13871102,7
15223433,7
14770116,7
10285082,7
23673139,-1
105595534,346
25838635,7
22281805,-1
211041953,-1
203942956,347
80483595,348
135385447,348
119534276,-1
197105291,-1
489640935,-1
176425989,347
24282101,-1
20605795,-1
499455442,-1
150021307,-1
35030520,-1
33212700,-1
314098636,-1
50449246,349
114833239,349
28109359,-1
46260911,-1
222725454,-1
20175675,76
16643805,23
396221712,-1
64442789,143
139713345,142
15938093,7
38268441,350
195887204,350
14592925,7
790036,7
149685699,350
59554328,350
221818934,-1
42739048,-1
150978009,10
76016329,10
18991187,10
156280168,10
86926478,-1
154144035,-1
20045134,10
72820359,10
21856144,10
92358824,-1
357567964,-1
27833479,-1
27834517,10
3103641,-1
229370656,-1
24504033,-1
41590595,31
200969056,31
22813738,31
25069628,31
38423124,-1
26811248,31
16582350,-1
90452704,-1
132912535,-1
246424851,-1
90118996,7
19915199,-1
18676369,-1
28280650,7
35490641,7
244441120,7
231556077,-1
305423837,7
307357248,7
19401487,7
453344643,-1
138308031,-1
5380152,-1
19852276,-1
381048540,351
160302244,351
82580241,-1
49169651,-1
16234668,-1
368801039,305
190399951,305
184391654,231
338068011,-1
374659799,-1
14905860,-1
18232198,-1
35499363,-1
44789768,-1
34576184,-1
18895896,-1
755603,95
14538601,-1
199032495,95
308911400,352
321592490,352
13857762,352
256633393,352
281234028,353
278697037,353
10854812,7
40326689,-1
35777926,7
66190348,1
18504495,-1
70458047,1
41870991,1
43180035,1
25689832,1
66661590,1
58356127,1
51828073,1
100496045,-1
91884854,1
66409671,1
242362681,1
142715837,-1
14048809,354
14506505,354
17462723,-1
14903053,-1
21434444,7
19866631,7
58844228,-1
120276532,-1
12951112,-1
33254505,-1
24695373,-1
37796602,-1
9273052,7
7762622,7
12724562,7
16932596,-1
583883,7
22557877,7
14513100,7
636893,7
8004452,7
73113170,7
29851286,-1
30337775,-1
276686889,7
168009636,7
357524793,7
15166316,-1
246134531,-1
168525858,-1
29069574,7
19283723,7
18919936,7
58914651,7
31767699,7
42092597,7
43872362,7
756145,-1
15437688,-1
1150571,7
43305785,-1
17561785,210
244368081,-1
237637607,-1
14401698,-1
7130402,-1
19579267,355
14532236,355
150398297,355
234288764,-1
52544275,-1
26453786,-1
59599890,-1
20574199,-1
121338495,356
18751439,356
24636393,-1
27808966,-1
58833777,-1
430181870,7
32353559,7
25791289,7
21283935,7
281153162,-1
349145647,-1
86194532,357
148791188,357
16562715,-1
25718003,-1
5533902,-1
31188700,7
62098714,7
256872653,358
58547111,-1
43601041,7
317652921,7
319987685,-1
298402374,324
254400424,358
15670814,-1
20187852,7
27573195,-1
12195002,-1
314738283,-1
81978740,7
330143622,7
295465484,7
356642631,7
233107833,7
73390436,7
70460503,-1
259304458,-1
109356584,359
23626899,359
135200435,-1
268035072,360
223840932,360
61595118,-1
386677416,-1
238721415,7
38708614,7
229249830,7
25285450,7
13141852,7
26636349,7
15070712,7
204691142,7
17502089,-1
17336784,-1
327690261,-1
20013151,7
14120456,-1
90970994,-1
56929607,-1
15929867,-1
150505377,7
19232121,-1
123161418,-1
122092164,-1
151594887,-1
125199215,-1
84208385,361
90205951,361
289459291,213
22665024,213
422268021,362
498440463,362
18089608,362
36644925,213
51239075,362
372559100,362
227486711,362
335661411,-1
45319754,7
129755376,-1
26200403,7
16108210,7
26364322,7
18990306,-1
34431320,7
16549787,73
87060964,363
64304897,363
16985700,-1
24788654,-1
17007560,7
27994823,-1
5868402,-1
45040038,119
129716643,119
29592491,119
18646199,364
16968632,364
14610206,7
17964866,7
355275030,7
59369137,7
240186064,-1
152515045,7
50255081,-1
547504314,-1
126334355,-1
196823075,-1
73099320,-1
265690003,-1
269252624,-1
3511681,-1
22949812,-1
34310801,365
45536687,-1
15909010,365
41577194,-1
85824938,-1
26077026,366
11856422,366
22854531,-1
15426856,-1
14433891,-1
87586376,-1
21008297,-1
78931350,-1
184907407,234
18938248,-1
14110454,-1
195820818,-1
57992535,-1
14835652,367
5388852,367
14185424,-1
19512493,-1
52238172,368
64241189,-1
53025463,368
151191680,-1
18354740,-1
46686860,-1
46947488,9
92614042,369
264124770,9
96432821,370
390189904,9
39522692,-1
441850919,-1
351514707,9
182136530,9
14088064,370
429081965,9
25594518,371
47717027,-1
61353269,371
26445140,371
15439882,372
41238485,372
378703574,373
150774780,373
52091660,372
246972341,-1
214296704,-1
172742915,171
150367583,171
25340822,-1
346840644,171
178726318,171
24214579,-1
798556,374
22642626,-1
18045966,375
53194854,374
26681152,374
98043823,-1
111411572,374
47401917,-1
260523318,243
37963098,375
53420694,243
286993966,-1
317542713,-1
40155853,-1
209233393,-1
262381655,-1
246529857,-1
98804013,-1
252703381,376
68526677,376
388443878,-1
25867475,-1
30015340,-1
16125588,376
19555067,-1
32309918,-1
117177384,377
445818064,-1
14515948,-1
173587214,-1
162310738,7
22266381,-1
40964378,7
56535506,7
162204428,378
20163916,378
351073900,378
33173260,378
15097566,378
58642515,378
80088141,378
19382500,378
346208047,-1
374363985,-1
24400628,378
15426099,378
217416589,378
18286505,-1
18060163,378
14414452,378
65894396,-1
95966853,-1
107236697,-1
149578245,-1
59959466,-1
49064411,1
189592841,1
25842688,1
41896109,379
28349128,379
16723682,-1
20408795,380
20641338,380
25329155,-1
22272053,369
412582295,381
93004355,369
20928893,381
151753441,17
90778418,369
45638067,369
49666871,369
17905977,17
11621822,-1
48564118,17
2228471,-1
44208218,-1
222048396,-1
102436798,-1
11836402,-1
20583390,-1
96975923,-1
55101908,377
87429637,-1
29072137,-1
14072931,7
311989458,7
19817778,7
87165980,7
21417687,7
14496918,-1
29183527,-1
24599993,-1
20662802,382
323351607,382
16553826,-1
123051486,7
246578847,383
180416124,383
18274748,230
462310261,7
78758706,253
6290462,-1
346126683,-1
31747489,-1
59284201,-1
26360041,-1
14858086,64
304159881,-1
21371293,-1
26789088,-1
11085852,-1
12039052,-1
88827363,7
54279612,7
47625913,-1
75370068,-1
164578092,-1
110936556,-1
56952600,-1
202186639,123
18557657,-1
288932529,123
489281307,384
505644068,-1
423992563,384
92932633,-1
338894455,-1
136010193,-1
69133390,-1
20039736,7
33140178,7
367681328,385
83330277,-1
178513073,385
22482043,-1
88209311,-1
41555127,-1
59409306,386
157461057,386
45696104,387
160657479,387
24588389,388
131305826,388
234625696,386
269541156,386
25238486,388
28448705,-1
95075291,386
114329426,-1
125173405,-1
129895131,388
26514376,388
126506556,388
25284019,389
60338351,-1
31317590,389
52904881,-1
31947502,-1
46503181,37
192914233,-1
199415817,37
203770783,-1
27699224,-1
21916557,390
157180599,390
262351301,-1
218422210,-1
100719412,-1
79609940,1
471692812,1
146598249,391
443127182,391
12798922,43
202881242,-1
14951200,-1
154036524,-1
18952429,7
24389233,7
183502710,7
131728473,7
365249846,7
45310286,-1
354752457,-1
22751884,-1
20474740,51
24730013,392
14060667,392
50426510,392
2976831,392
55532048,392
216566780,-1
51259482,-1
99291085,392
27070413,-1
28669612,-1
87356124,393
17891116,393
90984237,394
25890506,-1
19740681,7
14427975,394
20979133,-1
800437,395
23992692,395
65508777,7
44186632,7
133880671,-1
308641385,-1
278170050,-1
360210288,7
34160305,-1
56180594,-1
2565,7
12798452,7
12468982,-1
17898187,-1
6368102,-1
509205624,-1
18183917,-1
1527091,396
814306,396
8091602,396
15757690,396
14312099,-1
45933827,-1
68762038,7
11334,7
48693089,-1
557143602,397
234064468,-1
25000290,398
114738427,398
149622343,398
27335801,399
199844360,-1
196365883,-1
31569479,398
23021979,397
47689027,398
228786825,399
280747281,399
272938743,-1
290216175,400
271495538,400
263514193,400
74294087,400
233687955,400
285571521,400
292767542,400
26453558,400
236749048,400
270767794,400
224272024,400
162385517,400
248967064,400
19509652,400
165675053,400
171308352,-1
27585831,400
248932073,400
39753512,400
28509196,-1
28253718,-1
68808413,-1
193551973,-1
5704862,401
58985584,401
287839981,-1
21917973,-1
14296723,7
793351,7
8108052,7
16350866,7
123320139,-1
14745315,-1
545753108,-1
441328248,215
414665001,-1
244938842,-1
64816396,-1
254321574,-1
50887421,402
194354261,402
22329169,-1
84133924,-1
78467726,-1
64418022,1
23696980,1
83755122,-1
35919785,-1
49137574,-1
81656691,403
38967935,403
164433647,-1
283239246,-1
302397341,-1
47854857,-1
243630696,-1
111057593,-1
28363255,179
15468275,179
19362061,179
29533547,179
19613618,179
21116838,-1
25491442,-1
22523624,404
17308891,-1
63827110,404
13799922,-1
35613013,121
130877595,405
15584851,405
50620668,-1
238657359,-1
18047870,-1
419779279,-1
14995210,139
15062340,52
36109143,-1
13764992,-1
26641150,-1
93579404,9
289042697,406
115520085,406
64011951,406
61682218,-1
20383419,406
165842017,406
427723014,-1
63077212,-1
235386073,-1
76299612,-1
12695752,7
15599371,7
13116,-1
13260,-1
11541,-1
217488200,1
73050189,1
123661476,-1
74240598,-1
61889023,-1
179691230,-1
25143948,332
78925893,332
130650476,-1
212810973,-1
434700953,-1
25810548,7
16214045,7
260641289,-1
112825848,-1
14362575,7
24973996,7
24130648,-1
91390383,-1
23298808,-1
15005676,-1
30572722,9
14955344,9
36757972,9
15290966,9
86120067,9
102300277,9
15180686,9
101775511,9
6258042,9
405482317,9
373422039,9
389535040,-1
27910336,-1
73598917,-1
14170924,-1
64656259,407
320983129,-1
19698923,407
22052855,-1
255694820,-1
39856357,-1
377862490,-1
136773266,-1
14529724,-1
15021031,-1
162516323,-1
465676673,-1
230498574,408
153142335,-1
193929442,7
67384506,-1
22033794,-1
68225321,-1
312240023,-1
167150593,7
259378270,7
59228196,-1
128989152,-1
263576813,7
110117428,7
246364399,-1
71114673,-1
15743700,-1
485924782,33
43042986,7
21685894,-1
78815877,7
413359972,7
178239989,-1
18487428,174
19215993,174
16729099,409
314227065,409
18772408,7
154291841,7
14381574,-1
15195150,7
21316848,7
157818542,159
218355549,410
291767815,410
51575022,7
208759600,410
159223609,-1
260433129,-1
353425916,-1
168560126,-1
83608448,-1
393852070,20
36702477,-1
196251283,-1
100518634,-1
183079085,-1
60896075,-1
86980896,-1
17500393,-1
94569164,411
196500142,411
36724533,-1
14109475,7
21533722,412
129978583,7
14721706,-1
15132110,412
64474358,279
104126903,279
157434337,-1
122978402,-1
142851768,-1
50440750,-1
1579391,-1
325727410,-1
21427278,-1
59870340,-1
97695104,-1
93924188,-1
278776000,315
169768183,-1
9000912,-1
130879506,-1
285781005,-1
221921187,315
40549958,-1
263224927,315
47240171,413
21255194,413
86630861,413
18222599,-1
181753489,413
16490974,413
104019971,-1
62916636,-1
19497677,414
86300007,413
353934486,413
18104476,414
80843684,-1
20415960,-1
162622594,-1
52310798,415
231545675,415
170906002,415
66491235,415
193291779,415
67119770,415
17545498,-1
102255218,-1
383044849,-1
192217741,-1
17946886,7
19956523,1
276348332,408
68690235,-1
309727424,-1
85114893,416
74654261,-1
279510127,-1
83731215,-1
39488895,416
20970926,416
100614511,416
39614123,416
21325880,-1
33456706,416
14884004,-1
25382450,7
24249821,7
227863795,7
50063127,7
41026098,7
46691170,-1
7078732,172
351133275,7
47873827,-1
14291563,7
28947545,-1
115700178,-1
55702084,-1
39590891,-1
54631530,7
219065620,7
180450786,7
126062877,7
177229224,417
16736650,7
40895426,7
258576165,417
119446730,7
269805726,7
231007190,7
339859282,7
87229901,7
153852656,418
210098167,418
78195681,-1
142432988,-1
30060242,419
647223,419
17398347,7
4542801,419
15166543,419
4393381,419
14404097,-1
26376975,420
103421652,420
14249811,420
30811128,-1
17960638,421
9423662,421
12538472,421
77712736,421
14291326,421
1277041,421
39164896,421
52556532,421
43328989,421
9570302,421
179059513,-1
213903671,-1
13831522,7
14342202,-1
23636789,-1
19753864,7
23629630,-1
197560053,-1
14565861,7
26956786,-1
14858284,-1
141279345,-1
127782922,7
17689157,-1
20421603,7
524463,422
1399231,422
14824385,7
763986,-1
38135943,-1
14425692,-1
843711,-1
121539516,-1
25547397,-1
22832029,60
42714831,-1
72555359,7
394460725,7
16060735,7
30282704,-1
33608041,-1
7882592,-1
15438005,-1
5725652,-1
309206712,7
9184682,-1
9363302,-1
16193542,126
13083622,51
14521981,51
427036632,-1
22448729,51
463632548,-1
11681802,-1
276963941,-1
20039230,-1
191477840,-1
413487212,-1
56834816,423
23016199,-1
51951241,423
44465753,222
128957132,423
32102005,423
215444266,-1
33873372,423
44962272,222
32695475,423
21721401,424
22033274,-1
47359148,-1
71813739,-1
51973995,-1
85985832,425
7777932,425
95129400,-1
109643356,-1
19195733,-1
99686909,424
31774760,-1
1133971,264
1315011,264
18034357,264
86303282,-1
7531832,65
38353,264
12661,264
18519524,-1
26188455,-1
75103342,-1
137187477,89
16639702,-1
23407635,-1
116388817,-1
8254982,163
85897690,7
30108503,7
77581855,7
151673759,-1
24833731,-1
85977550,7
41726079,-1
97313569,-1
80297299,-1
216367403,-1
76968686,426
17625522,426
16555481,-1
23800611,426
61903300,426
39299241,426
18345963,426
88936426,426
103018203,-1
13368342,-1
34015638,-1
32175870,427
37396276,427
16505525,-1
15677650,7
123160974,7
21162492,7
78852440,-1
128320890,9
19178857,428
15633,-1
172793158,-1
24550707,428
103541806,428
23145471,429
76702882,429
83008966,-1
292324060,-1
17185109,-1
182268988,-1
22349089,-1
885611,-1
12298152,-1
41435895,296
107236336,296
33711024,-1
6291872,296
18770310,430
18887526,-1
233356779,430
65147931,431
188586381,431
448996567,-1
90302375,-1
20194941,432
42135344,432
7697472,7
17417121,7
374660408,-1
31015514,433
18174186,433
28187573,433
275643104,-1
30980755,-1
68164927,-1
68845466,434
49053258,434
73434013,1
144331692,-1
29272924,-1
127572002,-1
181723409,-1
53979915,-1
182481395,193
172524209,193
72420530,193
310651459,435
147679058,435
82159002,193
65623202,-1
131364612,193
58033175,193
249361546,193
201499968,193
65693114,193
111103485,193
222432705,-1
257162866,-1
162420686,193
172464017,193
247002646,193
171318249,436
197154656,436
97463613,1
19962737,437
14531164,437
156734320,-1
27062951,437
9353422,-1
206063829,7
259547871,-1
265021248,353
42311985,-1
29703865,-1
80399038,-1
223959754,7
22707147,7
61838384,-1
93707337,7
326832066,-1
137222452,-1
22891420,-1
126088259,89
116970668,-1
211848704,-1
109758140,89
18988799,-1
28043,-1
228854500,-1
46521949,-1
200773028,-1
161761859,-1
41130821,-1
72071090,-1
92092425,-1
14213544,-1
9956892,-1
16602180,7
35246396,438
243333479,-1
27796499,438
63228090,439
17284200,208
20984259,439
50002463,-1
353824303,439
24234523,-1
19494097,-1
52331035,-1
214153705,-1
213745334,-1
19114743,-1
113633105,-1
271310204,-1
21089219,-1
15384271,-1
5900852,-1
156261079,-1
86563606,81
91448117,-1
2317921,7
27512794,7
39825297,7
34556109,7
1563671,-1
27721192,7
22722452,7
14966677,7
121795598,-1
80937511,-1
509130299,-1
26535027,170
232033170,170
21149003,170
116539433,-1
6164682,170
104002640,170
156984830,170
212155430,170
27521114,170
10333972,170
9763482,-1
15145547,440
90071403,440
285198742,170
96208310,170
19371099,170
14063605,170
87779500,170
17308919,-1
68174078,276
176774540,-1
12652542,-1
54188979,441
215089664,-1
63334799,-1
14775425,441
19152332,-1
132809440,139
339968612,-1
41084386,-1
121520140,-1
69656547,-1
191594881,-1
121215796,-1
37909620,-1
21787252,-1
14532363,-1
16312316,442
89026066,442
21458147,236
18891230,-1
15520149,-1
26373572,-1
30949085,-1
21174708,442
22334025,-1
22638962,-1
14705287,-1
9822052,7
18279469,-1
14774858,-1
5525,-1
83450402,443
54467758,443
34479708,30
15224402,-1
191927203,-1
19636959,-1
7795202,-1
278746956,9
15880884,9
26865509,1
23250947,-1
79613352,444
149426168,444
106250418,-1
16714448,-1
212006583,-1
22684480,89
28318908,89
190760946,-1
48616495,-1
54499639,1
127359707,-1
26920166,-1
765694,80
253973,80
17628437,80
11415842,80
231173053,-1
405960130,-1
383451821,-1
126427420,7
238729128,-1
398453569,-1
24548650,-1
252659822,445
373622208,446
250408941,446
24866239,-1
126510360,445
221402863,445
215051592,446
19589086,-1
33724407,447
29319777,-1
35388869,447
113766686,447
266040555,447
145356475,447
38313584,447
156652502,447
50009606,447
36441704,447
286908007,-1
470640651,447
274073595,-1
39910783,-1
178508259,-1
192396145,447
217511904,447
22323452,7
23180819,-1
333159474,-1
19714416,-1
41839767,7
71837784,-1
91211615,7
38684785,7
34722951,7
46122746,7
18052452,-1
7402662,448
15923226,448
52052011,-1
43334545,7
39689218,-1
145753894,-1
108159877,-1
20408557,-1
122371074,-1
242105719,-1
213173218,-1
93746096,-1
35281724,-1
411482466,-1
230094900,-1
192963833,-1
488141609,-1
146566254,-1
48422317,-1
65789579,-1
60348578,-1
26341298,-1
7723382,-1
325169943,-1
362668618,-1
123895988,-1
43160689,-1
362670034,-1
126345156,-1
431228220,-1
87658559,-1
27870527,-1
14193730,-1
46144288,-1
117671022,-1
132998576,-1
123335502,-1
12613282,-1
59253387,-1
86859709,-1
4804281,-1
15933987,-1
19615995,-1
23770107,-1
6980232,-1
23791204,-1
36846612,-1
46949032,-1
381867437,-1
180211806,-1
235040616,-1
100361358,-1
312105296,-1
287977299,-1
34973485,-1
25258210,-1
535803548,-1
261612386,-1
131300145,-1
22051456,-1
26529631,-1
493734777,-1
84463170,-1
18936233,-1
17903357,-1
258618447,-1
22979061,-1
22047070,-1
181613510,-1
175648411,-1
162816854,-1
27163774,-1
332378036,-1
74875669,-1
46535700,-1
20293840,-1
66504150,-1
480548725,-1
378644447,-1
24898406,-1
18643227,-1
282220379,-1
18289316,-1
133824534,-1
479917792,-1
102166611,-1
103807223,-1
520785775,-1
490585866,-1
197178807,-1
540407653,-1
22315906,-1
36946876,-1
6009212,-1
26964910,-1
14579546,-1
14981622,-1
239931037,-1
44406858,-1
151891517,-1
165946114,-1
48211314,-1
125711688,-1
56999787,-1
62078352,-1
16373753,-1
162424619,-1
18912594,-1
57344940,-1
51431802,-1
105108617,-1
397113150,-1
15509573,-1
14182140,-1
21132431,-1
19335425,-1
24176502,-1
31134503,-1
15192462,-1
28645754,-1
8719482,-1
244780790,-1
416682684,-1
8150752,-1
320798884,-1
1984701,-1
451135171,-1
36017818,-1
33884596,-1
64418855,-1
19958836,-1
85218122,-1
325904593,-1
34888855,-1
23790454,-1
21559947,-1
23801791,-1
15470403,-1
218653398,-1
151023922,-1
258145892,-1
232574324,-1
57670965,-1
176821441,-1
43265510,-1
251221957,-1
249221058,-1
257203923,-1
78021630,-1
20413251,-1
45977080,-1
327569507,-1
26747930,-1
401537988,-1
102711866,-1
131197947,-1
374670902,-1
114506138,-1
232998970,-1
20299704,-1
323939337,-1
20315842,-1
15835427,-1
42751217,-1
58483034,-1
66607538,-1
309096216,-1
324663507,-1
363238963,-1
335686256,-1
250080819,-1
128480794,-1
32443601,-1
59980857,-1
30970675,-1
17815591,-1
130510920,-1
31186367,-1
16851206,-1
194991903,-1
309122206,-1
153048672,-1
18956020,-1
14217022,-1
33080832,-1
191642317,-1
39882047,-1
276155419,-1
233961330,-1
160519670,-1
17032077,-1
43433064,-1
328733018,-1
35432497,-1
24918905,-1
33588577,-1
11937032,-1
28795411,-1
17839019,-1
35506246,-1
33960929,-1
18016151,-1
35293231,-1
29404464,-1
29172137,-1
19178294,-1
27157127,-1
15206725,-1
36016297,-1
18507292,-1
27408201,-1
28074386,-1
9679202,-1
36005202,-1
33464788,-1
174952474,-1
547172871,-1
213468464,-1
18733164,-1
15912123,-1
437300342,-1
476316550,-1
56679995,-1
50877931,-1
165295757,-1
89596003,-1
243061807,-1
17375680,-1
688583,-1
23312461,-1
112848373,-1
122364666,-1
394252706,-1
21246169,-1
45609930,-1
63774621,-1
115692784,-1
28880788,-1
135429318,-1
172814159,-1
219842369,-1
40399584,-1
39825463,-1
165889777,-1
69624952,-1
263209316,-1
264281499,-1
123082578,-1
94915681,-1
374146230,-1
170221902,-1
53115044,-1
435241434,-1
