172883064,1
151338729,1
270449528,1
254839786,1
265077741,1
204317520,1
288485704,1
8163442,1
257236842,1
261447035,1
229425177,1
149538028,1
115221382,1
349413327,1
112939321,1
152388029,1
200559228,1
292598082,1
260769396,1
14925700,1
226165839,1
324201646,1
792998,2
2705,2
230505689,3
61065794,3
226516599,3
102364313,3
164422299,3
181288376,3
171704225,3
147946019,3
48504743,3
112819301,3
240944206,3
16663695,1
47799910,1
40791597,1
16038438,1
405323682,1
333709376,1
20747847,1
40340464,1
21158690,1
18709570,1
31067157,1
16908436,1
7861312,1
179278975,1
16956955,1
290656947,1
324546502,1
21507738,1
104585489,1
106061616,1
1435461,1
277889424,1
560452336,1
65360193,1
268479669,1
16264063,1
207936757,1
17176990,1
175624200,1
18142375,1
1294741,1
21697211,1
37883682,1
865561,1
6194262,1
18498684,1
6277512,1
1269251,1
6745742,1
9817642,1
19649303,1
44114848,1
27531390,1
24866186,1
115965772,1
53477757,1
213969309,1
382823424,1
155976326,1
417622555,1
522817585,1
233909647,1
292970754,1
146867687,1
61598133,1
286012612,1
88971791,1
34684258,1
18713254,1
452342492,1
17564647,1
77888423,1
157218534,1
50901147,1
307206030,1
238308325,1
290097288,1
422253889,1
99066209,1
100383683,1
116379446,1
21982720,1
14129299,1
17780580,1
16637198,1
813286,1
467171076,1
17567533,1
21122950,1
52488565,1
15859033,1
34868965,1
38762773,1
20479813,1
291670881,1
20060293,1
18194898,1
172768360,1
23027237,1
14630319,1
407977463,1
75974281,1
37792861,1
22027186,1
14998938,1
88617158,1
16252002,1
10886182,1
182157590,1
84466455,1
251261925,1
444895340,1
360245938,1
46750053,1
67348022,1
69641958,1
9917552,1
15515919,1
20177423,1
19399719,1
14288822,1
158895928,1
36451558,1
17469289,1
33644693,1
28357463,1
62418341,1
22412950,1
19289396,1
108507561,1
42634830,1
18742076,1
248319608,1
27702153,1
19942178,1
31268403,1
56026822,1
26511852,1
55631487,1
145472611,1
18177126,1
17225211,1
63858347,1
16618332,1
13058232,1
17874544,1
18953266,1
146598800,1
175087260,1
247565758,1
26597332,1
2904691,1
39819394,1
231770594,1
53282345,1
14372486,1
14427372,1
203783262,1
25473689,1
28960709,1
132834166,1
373123978,1
22273748,1
22879012,1
23140494,1
127178017,1
282447785,1
18361967,1
474589602,1
70600914,1
35701370,1
15249238,4
17595759,4
14818936,1
18285245,1
23672517,1
170424259,1
14269220,1
263723790,1
305512397,1
15773675,1
6368672,1
48717817,1
61040299,1
16436515,1
147387316,1
3293391,1
24673002,1
30942099,1
15577905,1
19010126,1
59804598,1
29659999,1
2459371,1
35407584,1
127437545,1
14917050,1
15849055,1
250906649,1
17702627,1
258531716,1
38939069,1
10588432,1
307629880,1
16563089,1
252712327,1
114284224,1
16693627,1
47161442,1
185790431,1
35831704,1
28209292,1
172085164,1
362888622,1
24278900,1
200384703,1
17174309,1
287877238,1
49997792,1
28408485,1
23272358,1
16186743,1
28120317,1
24233316,1
58113278,1
20801235,1
18739697,5
71599012,5
50339952,1
33940986,5
12892332,6
14135993,6
15435220,1
12419022,6
114596637,7
9555912,7
6037682,7
9531232,7
11283392,6
258842651,1
300027658,1
17632072,1
229706893,1
38492717,1
93792044,1
17986155,1
405954273,1
26281970,1
84421229,1
16660064,1
19622462,1
124524869,1
24560836,1
14609321,1
267152817,1
25421732,1
19014804,1
139124659,1
14220046,1
15311166,1
188962593,1
101008987,1
25954266,1
15928598,1
15811181,1
12223,1
87520051,1
188046098,1
119897041,1
107172099,1
39832918,1
86977818,1
516982665,1
275710913,1
180419242,1
23146711,1
14208982,1
19469924,1
114340234,1
18148907,1
6374602,1
32520177,1
14355964,1
46319532,1
18294289,1
89130924,1
21556071,1
17145453,1
20611320,1
42828152,1
16224299,1
19550535,1
26785207,1
18822863,1
283612037,1
35722372,1
113751683,1
19563357,1
276905731,1
15888142,1
64612136,1
71827867,1
167112946,1
365103804,1
73745407,1
354717831,1
27970832,1
16213013,1
200214366,1
15094659,1
36750478,1
19364964,1
7458942,1
16045268,1
17899109,1
21685295,1
123565032,1
26299078,1
13784532,1
466979336,1
65289126,1
58308162,1
21642976,1
19526770,1
11696732,1
40708033,1
22460658,1
39360648,1
18124625,1
57615171,1
17483462,1
57946702,1
15432028,1
117252513,1
51166558,1
204424857,1
255709259,8
19564171,8
21024748,8
22396371,1
28617554,1
80700514,1
24831437,1
18682397,1
130339829,1
23827692,1
240926153,1
25254052,1
481512517,1
23800248,1
74011176,1
87874905,1
186914308,1
433873546,1
451883233,1
312838711,1
372593743,1
425557586,1
21595505,1
108993961,1
16831715,1
187197078,1
8346982,1
13196662,1
22662672,1
17554569,9
14550264,9
13455472,9
14502775,9
5606492,9
13761042,9
14341671,9
194703864,1
86970580,1
14800270,1
177593483,1
28539301,1
20495756,1
32893652,1
37878753,1
14783304,1
41476892,1
15993038,1
466830475,1
55488516,1
311214131,1
121063287,1
28208387,1
151360659,1
201484477,10
15648827,10
183634344,10
161106955,10
101661580,10
7738402,1
12591,1
32460344,11
16633144,11
656673,1
14474785,11
110815031,11
7552082,1
60591163,1
17648193,1
7826472,1
168453874,1
2060631,1
7400342,1
44004358,1
755346,1
308551554,11
15677204,1
52934175,1
52832085,1
40813518,1
195934431,1
46553113,1
57903424,1
59872379,1
5452672,1
130155510,1
18803775,1
173282921,1
25276905,1
21651598,1
16793368,1
59836995,1
14152810,1
128528922,1
21436558,1
104548229,1
16005730,1
287316875,1
23497893,1
15271655,1
64503060,1
54795290,1
36385076,1
21357711,1
31037985,1
20130926,1
87416722,1
14224719,1
19982092,1
176930274,1
51075903,1
20050520,1
23217907,1
27155383,1
248163660,1
19337423,1
278103138,1
74735145,1
20011697,1
151505240,1
309754474,1
161966800,1
166747718,1
306265180,1
121295290,1
278109079,1
22317432,1
102794589,1
109769483,1
328726293,1
53717630,1
27476898,1
14230317,1
5391882,1
14747507,1
21315721,1
16987303,1
16974572,12
20596035,12
16129920,1
213032194,1
77806232,1
87044829,1
295759517,13
219173613,13
27853622,14
27972426,14
250708662,1
141021153,1
140487396,13
171374806,14
129314858,1
28229899,1
13165,1
13612732,1
20463300,1
22745706,1
147386402,1
14327760,1
14283433,1
30153287,1
93927917,1
23278844,1
16434221,1
258953546,1
18141016,1
16650023,1
46167548,1
19738459,1
18309277,1
312285643,1
11856762,1
348278208,1
14747960,15
20298371,15
23404483,1
127294902,1
81501774,1
14050213,1
15805171,1
39693835,1
14252603,1
16365403,1
14183551,1
42900952,1
18638460,1
9313022,1
7852172,1
225491959,1
14108564,1
213350034,1
42977712,1
35206553,1
434486604,1
19738805,1
50890438,1
1891381,1
16522244,1
123153760,1
17995419,1
312860399,1
56493501,1
14335262,1
18586606,1
34163,1
12555,1
11231232,1
823129,1
88996186,1
134935099,1
14467403,1
65114531,1
4047941,1
666073,1
2223571,1
13931982,1
48438876,1
23462787,1
199796510,1
54546430,1
174170923,1
44705716,1
281530541,1
222040026,16
19579205,16
525952691,17
523173553,17
25389372,17
47,1
14,1
16353769,18
14838800,18
6160742,1
14367669,1
586,1
13652832,1
6331462,1
15109716,1
5813712,1
18498878,19
183836186,19
14904282,1
13334762,1
17587207,1
111164068,1
100649666,1
38214426,1
223581250,1
95332892,1
34117454,1
72753148,1
85013332,1
39141427,1
92978326,1
18591927,1
26519172,1
24357921,1
38782424,1
173343647,1
84137114,1
128546554,1
47293,20
21232967,20
14738232,1
47723728,1
23477141,20
34082952,20
15428227,1
85479002,20
51241574,1
112755399,1
8493562,1
41188718,20
2729061,1
17595439,1
16892481,1
11107172,1
7842902,1
20465564,1
79676954,1
43065900,1
17092592,1
78034746,1
108931405,1
423385493,1
19676802,1
335343438,1
113804010,1
26880929,1
22120066,1
27870530,1
520178560,1
18100254,1
15160273,1
278598746,1
185512077,1
76771932,1
7875762,1
56955361,1
28856770,1
15384864,1
15788309,1
19370213,1
24232984,1
195316132,1
191229219,1
234914530,1
71671576,1
18824222,1
11826672,1
15775214,1
132951208,1
33720339,1
36444947,1
18201114,1
27782753,1
345949016,1
155115613,1
271662759,1
312265900,1
73381700,1
113186652,1
13473852,1
14372143,1
6743,1
14093238,1
256651717,1
183786731,1
366795440,1
68503464,1
513798809,1
52025380,1
90733824,1
347376996,1
148727717,1
524605453,1
66848856,1
386064033,1
137527834,1
489181359,1
283147505,1
176302452,1
338054017,1
389820347,1
13104722,1
15468834,1
529041333,1
15923093,1
156280345,1
31524543,1
53391112,1
95212360,1
129443148,1
33390855,1
257484939,1
30545307,1
17660341,21
81952694,21
16017251,21
19733653,21
80650549,1
386161471,1
210903999,1
86597957,1
767396,1
14413075,1
917321,1
211329226,1
14618863,1
82532813,1
25095468,1
1885511,1
14964767,1
761290,1
14780493,1
26487169,1
42472972,1
25376735,1
78408666,1
113420831,1
169610198,1
3108351,1
16364399,1
14335880,1
191613738,1
57507026,1
43919633,1
507731256,1
32547856,1
70736917,1
20290583,1
26674923,1
245683115,22
246036834,22
16001975,1
820633,1
7744882,1
30027101,1
12640502,1
18270268,1
17959695,1
15222719,1
14596798,1
66263785,1
14816939,1
10051022,1
14223829,1
14749755,1
17913814,1
13276422,1
4664501,1
14214977,1
6810832,1
14503,1
14257869,1
3339331,1
16866701,1
12512,1
392197972,1
487698090,1
460302787,1
44494857,1
321045403,1
29143283,1
39600392,1
34712510,1
541259303,1
115751705,1
55873816,1
531838038,1
17587331,1
64069241,1
18698454,1
21415375,1
14443028,1
41530500,1
14766418,1
16747818,1
8875752,1
42923074,1
19523675,1
2109381,1
15933993,1
16586811,1
54071173,1
162775226,1
271176554,1
108792399,1
55738917,1
40306315,1
22575703,1
6370862,1
14521530,1
8708012,1
19092024,1
16562949,1
40349308,1
16593613,23
67213875,23
19624836,1
22575398,1
15955826,1
19708600,24
16489432,24
9771562,24
42637650,24
18628801,24
38145245,24
15402847,24
19766673,24
225067850,25
180302615,25
14458660,1
14892073,1
15869453,1
197545021,1
23095315,1
18479089,1
2891131,1
5388222,1
8162312,1
20941681,1
4733771,1
462357211,1
26358639,1
9406452,1
91718540,1
6598572,1
17903702,1
22939740,1
13607,1
16003349,1
14089595,1
86485333,1
22058007,1
13860742,1
13370272,1
6981492,1
6223132,1
222886633,1
58396487,1
204422008,1
5765442,1
7078212,1
114284807,1
21273459,1
14120151,1
21908150,26
46477415,26
14413506,1
15300227,1
80468801,1
62886136,27
16274879,27
49517278,1
14412888,1
15081306,1
1963821,1
15319120,1
14985228,1
15811487,1
116647098,1
19210139,1
14226805,1
14499127,1
7319512,1
15209980,1
107129460,1
181421220,1
23904110,1
14499168,1
25738602,1
58626100,1
297527427,1
410469035,28
15976255,28
21414413,1
13397502,29
17022234,29
13560922,30
23547436,30
15941338,1
21249567,1
18904121,31
23346663,31
16246065,1
14369901,1
195777968,1
12739092,1
144494655,32
56705653,32
22230044,1
17740231,1
29403586,1
19608297,1
21314814,1
97119524,1
20039889,1
81575608,1
381429945,1
123937751,1
365928619,1
82208992,1
88957553,1
16517711,1
14980820,1
222959095,1
14677998,1
17117000,1
18778944,1
2269701,1
18425886,1
835871,1
3094401,1
14502745,1
14091113,1
368699637,33
66619464,33
14801863,1
879521,1
817288,1
36823,1
817268,1
19267390,1
526316060,1
14132461,1
11041,1
620863,1
15903746,1
687613,1
14724347,1
15267087,1
160817572,1
21682707,1
377796934,1
300540758,1
7566522,1
16065072,1
19118802,1
209662233,1
27458721,1
43011256,1
552110505,1
19216679,1
156458599,1
79291414,1
5423502,1
139531245,1
21173505,1
248929163,1
21446776,1
21433097,1
34350246,1
29088049,1
83423381,1
17358260,1
284136905,1
15917485,1
15737386,1
16428359,1
142977623,34
164087020,34
48132194,34
16303393,1
27163503,1
97540798,1
15491994,1
15905088,1
14813657,1
15861559,1
104489671,1
15135874,1
5576542,1
55633458,1
32340023,1
85348253,1
32462148,1
50706100,1
897351,1
21116178,1
28299971,1
156406287,1
82298196,1
30418870,1
157504724,1
193073314,1
68604037,1
28375496,1
61866244,1
42902605,1
12954862,1
74134553,1
21451849,1
20209459,1
27733550,1
18399652,1
467909899,1
397676952,1
31601961,1
12412572,1
17008726,1
160245898,1
15829144,1
5758642,1
17001524,1
17026041,1
39434755,1
15222806,1
16955436,1
1769551,1
17002395,1
17023344,1
15174477,1
308313264,1
128161946,1
140741639,1
117292837,1
260867219,1
70820129,1
159219605,1
158961178,1
34244280,1
42993311,1
19549883,1
18010854,1
67045624,1
15987971,1
15368404,1
25928253,1
18170896,1
67020298,1
17368405,1
10505322,1
58025433,1
343797833,1
2806761,1
14102913,1
87211271,1
87325035,35
15158217,35
37745819,36
30368213,36
44201943,35
24530820,36
15759192,35
18270938,36
208448943,1
33519870,1
389486164,1
506342927,1
45690012,1
324660438,1
40733774,1
15977848,1
162770758,1
91858645,1
120892393,1
55090226,1
292029321,1
67487321,1
186631937,1
156440716,1
414569910,1
22092117,1
15840846,1
18734884,1
37138014,1
47490207,1
22320889,1
111728171,1
16102927,1
15140284,1
15140362,1
23389509,1
22196442,1
151967930,1
16935292,1
93816184,1
113975798,1
5971382,1
121568833,1
27042513,1
14404449,1
140925207,1
51352792,1
17843533,1
129450434,1
183321820,1
15381612,1
19886160,1
1048651,1
3228691,1
14736168,1
27718312,1
33572600,1
13493302,1
7613282,1
5271931,1
17276183,1
90941969,1
39264421,1
63061469,1
22104535,1
15435471,1
24604813,1
33031116,1
413468104,1
126030998,1
27958687,1
33288294,1
8861752,1
281257435,1
38764415,37
21131904,37
30064387,1
117305383,1
24617214,1
384664689,38
376787654,38
191654691,39
125653548,39
50325797,1
115710058,1
80617430,1
22685638,1
149180925,1
266187076,1
15731368,1
48354754,1
17060769,1
75246510,1
15816424,1
39394932,1
6351922,1
647633,1
17637553,1
17638336,1
20005551,1
222539176,1
16072024,1
14207200,1
14933478,1
17461932,1
19006934,1
10876852,1
15382307,1
20291791,1
15395087,1
341315592,1
17869922,1
14711172,1
17791350,1
3496641,1
15001424,1
21065280,1
11587712,1
277295851,1
193257525,1
60194854,40
15032882,40
15144028,40
14222536,1
15070082,1
14371835,1
551124967,1
24163983,1
22593902,41
97127015,41
14319981,1
36765490,1
14485423,1
269247938,42
15318271,42
87693728,1
11232892,1
21517540,1
22127500,42
14794851,1
54695584,1
378171907,1
442498038,1
36756075,1
17525171,1
8262112,1
78670429,1
7885972,1
15386988,1
1995371,1
121142586,1
20893002,1
26785608,1
15181199,1
84692450,43
38741006,43
27268937,43
634163,1
23674449,43
21999591,1
407403,1
287859665,1
213093237,1
41384205,1
35106619,1
105538252,1
193956929,1
196421725,1
377645199,1
246486755,1
346308376,1
482532023,1
14268793,1
14826124,1
3609021,1
18324686,1
22343864,1
14873835,44
14861784,44
141383571,44
185301542,45
26411479,45
15887110,1
4921861,1
16871637,1
258218804,1
61293513,1
18799041,1
92034937,1
459412561,1
93006320,1
19156507,1
8951502,1
987681,1
14835889,1
10273252,1
23694473,1
237056755,1
153457964,1
16069548,1
19564013,1
192168640,1
190913931,1
316832383,1
26813101,1
227037531,1
203226736,1
19167293,1
21905301,1
61588416,1
22420134,1
435978700,1
22138357,1
16334139,1
15741208,1
29057694,1
132585908,1
171168170,1
266580182,1
304407399,1
13117,1
96569103,1
21334955,46
57325709,46
197310509,1
172887151,1
84368747,1
281347318,1
521909535,1
297683673,1
41627038,1
208942635,1
22075819,47
46461196,47
28878624,47
124023644,47
51256216,47
29338157,47
92283370,47
40333354,47
15921060,47
23899556,47
54368387,47
104538722,47
276394701,1
55309264,1
243439460,1
43929488,1
15641259,48
18207202,48
7592102,1
14496538,1
42576711,1
232818548,1
231490657,1
79253197,1
124839581,1
70129085,1
447119980,1
14217624,1
23258851,1
49114409,1
7832982,1
26649958,1
4366031,1
124526394,1
190388973,1
146573101,1
165821961,1
185106915,1
43632459,49
14416124,49
21505330,1
35406821,1
10759032,1
201882918,1
16442350,1
322906622,1
18253799,1
297064190,1
140477628,50
14116195,50
15147397,1
224915605,1
5702,1
1084,1
1075,1
44698296,1
14118608,1
156797347,1
2425151,1
817386,1
14304642,1
285762606,1
101204352,1
217856118,1
160565602,1
143169862,1
170922633,1
166153909,1
21068395,1
174787160,1
86391789,1
164686885,1
15450986,51
19637701,51
19162933,1
440986997,1
26917507,1
8254252,1
30412010,1
27178298,1
27909367,1
20442476,1
11228702,1
6456482,1
11211792,1
11161852,1
26572460,1
21668309,1
14997105,1
14134265,1
15726728,1
387901191,1
22657153,1
14656647,1
245722114,1
59469595,1
18523512,1
383677809,1
30085825,1
14325926,1
180489407,1
15679119,1
21019826,1
75607148,1
15252736,1
11183772,1
133315738,1
69661906,1
344916112,1
30535561,1
15181936,1
16243471,1
86157495,1
17418971,1
17714569,1
14158742,1
38018311,1
250376643,1
58653515,1
18541130,1
18001974,1
22900797,1
14451892,1
16647553,1
8986012,1
18838035,1
15983991,1
388952222,1
242480207,1
20467333,1
46409572,1
39506306,1
128246454,1
7597362,1
8383132,1
217195997,1
14586604,1
58479193,1
224296503,1
64840773,1
62501328,1
320957207,1
16966832,1
28624790,1
29375321,1
5357362,1
15567576,1
10115042,1
1193301,1
16617693,1
12101862,1
17844641,1
18962501,1
367661207,1
23878044,1
235766196,1
22362068,1
4213251,1
28056344,52
16158496,52
50940456,1
15141620,1
8162032,1
276270001,53
33029997,53
17632320,1
24938230,1
25784423,1
13229902,1
20571654,1
56044426,1
22058101,1
32398059,1
46740532,1
147793150,1
92409018,1
26065154,1
8557,54
20590747,54
87798068,1
8320432,1
14323435,1
14999606,1
13862162,1
16651072,1
44909928,1
16415670,1
247521647,1
21469948,1
29994187,1
25249814,1
22680926,1
28061932,1
40168339,1
15224719,1
104563131,1
33601151,55
17489445,55
78389587,56
29311785,56
309975022,1
18181487,1
5906322,1
471963,1
11253262,1
15859039,1
839321,1
3715,1
17239694,1
80523,1
7089382,1
15127258,1
8834612,57
19471361,57
18815604,1
7320172,1
16471415,58
15081902,58
18681592,1
17870501,1
14839415,58
14839489,58
13274152,1
18533036,58
58528137,1
200606907,1
74499126,1
121570037,1
110760237,1
9938852,1
147665130,1
129631184,1
111492860,1
15418343,1
21224587,1
282704498,1
143719617,1
223604439,1
24196674,1
7218552,1
21655440,1
469357690,1
22596969,1
17821671,1
43990153,1
175767720,1
50316406,1
184146952,1
84114921,1
89826562,1
323520663,1
114384624,1
17332119,59
35795904,59
14355610,1
36471939,60
20165052,60
46170816,1
115749048,1
14125800,1
15743810,1
19006707,1
84155547,1
14625398,1
18038892,1
39522848,1
17795406,1
15812461,1
18382692,1
24297552,1
307044653,1
69816513,1
467966761,1
58129878,1
10384112,61
325641978,61
4267411,61
58347421,61
394380766,1
14711937,1
14359507,1
20011858,1
15383,1
10386322,1
158558510,1
40076725,1
450967347,1
214139780,1
72357609,1
190833564,1
247583674,1
110865804,1
57496410,1
103129824,1
388556323,1
122167377,1
526216513,1
1689591,9
22292456,1
83451356,1
49105052,1
88454202,1
36419618,1
61781462,1
71478544,1
174273365,1
50558352,1
144320202,1
168231881,1
308641060,1
163739424,1
101370287,1
195851893,1
1775861,1
16249596,1
220955782,1
36778012,1
15346786,1
96890549,1
27778893,1
17908655,1
17133173,1
173965448,1
38056617,1
6487292,1
25029877,1
352001311,1
3943871,1
17368639,1
14401607,1
14281853,1
6107422,1
19963701,1
26727655,1
20449993,1
16600626,1
4898501,1
246934751,1
28876577,62
18334064,62
35520155,62
128688675,1
36782237,1
42096654,1
22721485,1
16032577,1
84200495,1
175633082,1
85718756,1
536821908,1
174768030,1
45951258,1
50640633,1
30086507,1
18654764,1
37876253,1
19089252,1
230282119,1
353780675,1
52205516,1
18940128,1
86204900,1
13559692,1
6023362,1
10922662,1
15962697,1
3375481,1
33753936,1
260275101,1
14244465,1
14850955,1
18006698,1
8596022,1
56623,1
15150828,1
9759932,1
15671992,1
16274712,1
15716039,1
165908478,1
216088014,1
327102622,1
173468248,1
14309129,63
1445981,63
18342536,64
30290325,64
15332029,1
56278217,1
278920924,1
243691293,65
42890905,65
19668592,1
20796323,1
44946555,1
14622694,1
14050235,1
38278278,1
236699215,1
219152459,1
31537029,1
33787115,1
6080022,1
63233369,1
29852657,1
14722564,1
14946893,1
245194221,1
48619486,1
23470438,1
160820894,1
47481061,1
49098552,1
459898457,66
210747974,66
18510296,67
18151654,67
17416267,1
17693446,1
47777346,67
19851359,1
31477608,1
19703935,1
12409312,1
14416552,1
22693053,1
17397762,1
16566306,1
29663668,1
45466925,1
14117843,1
19607767,68
79464719,68
16430887,1
19222164,1
23602815,1
22703645,1
14935647,1
101721302,1
116308543,1
104084647,69
234533857,69
272016961,69
76038813,69
18185593,1
15192772,1
46002379,1
17230018,1
15111448,70
19117113,70
99567847,1
14881982,71
33175761,71
44431366,72
26825852,72
223183968,73
184888391,73
19976756,72
53491922,72
47424517,73
42547398,73
90452330,72
24744179,72
132733414,72
48442106,72
70257108,72
22941372,1
75282074,1
14269172,1
15510569,1
25940364,1
2824221,1
159294262,1
161011066,1
154899708,1
46011060,1
18225966,1
15905103,1
16896485,1
185309457,74
16676528,74
28439478,74
366971503,1
425436243,1
15506452,1
90972884,75
19345378,75
104048428,1
45177955,1
404441601,1
335005201,1
277152703,1
121710301,1
122438932,1
556167733,1
20976154,1
92609578,1
18259232,58
252630232,1
18481050,1
19611483,1
160062130,1
279393981,1
435551972,1
8918012,1
36204399,1
34222093,1
17016830,1
259984813,1
261434167,1
490922827,1
383830013,1
62557485,1
120518909,1
33522957,76
57111966,76
76936279,1
301045962,77
19672596,77
172531871,77
68047611,77
18760107,77
223079863,1
19209687,1
61123704,1
6854942,1
17019152,1
19952246,1
16378486,1
16700766,1
14339261,1
59000613,1
144064703,1
167561718,1
9814222,1
1059801,1
14603011,1
14458280,1
6877722,1
57284417,1
11489,1
30008826,1
70096167,1
193563287,78
14828249,78
30206144,1
209081337,1
7198262,1
385587514,1
322690327,1
507288463,1
140640190,1
262182509,1
185331750,1
357866811,1
322687731,1
72410358,1
59702581,1
101145387,1
22587138,1
10350412,1
15668559,1
19120420,1
215328630,1
385813764,1
34145873,1
38123470,1
25547701,1
14888217,79
15082762,79
12683442,1
16373202,1
15381737,1
784304,1
82459133,80
23830366,80
15422847,1
237273873,80
42040091,1
14667714,1
488061226,1
20333302,1
136079475,1
39070445,1
300532683,1
18886900,1
8813002,1
60665688,1
56337457,81
38010788,81
14631433,1
477792933,1
426773431,82
336597532,82
344439820,1
25105135,1
19575980,1
545309191,1
169112757,1
24793429,1
27998627,1
23826838,1
87478141,1
14058735,1
57435204,1
150347034,1
18234247,1
25019166,1
30981586,1
7027282,1
1258391,1
19638752,1
55270849,1
407116083,1
142391273,1
168771252,1
14228208,83
310058709,83
360738836,84
102206775,84
15532765,1
135579990,1
25371730,1
28097924,1
14750983,1
26823203,1
23324461,1
25124390,1
58447555,1
298587541,1
60943588,1
104352067,1
317347414,1
24482785,1
14565565,1
22595031,1
20509649,1
19353750,1
14558385,1
20332925,1
62059086,1
63725198,1
22131586,1
16740151,1
18079495,1
94877567,1
17087191,1
23336217,1
18084906,1
21744518,1
15702262,1
107372075,1
46315888,1
83583303,1
280028950,1
382232560,1
171681366,1
152741998,1
172530816,1
168759944,1
169982466,1
104564514,1
47282396,1
16987555,1
75521184,1
18923282,1
14089309,1
17552020,1
69168314,1
16303871,1
23914011,1
26741765,1
1222621,1
78039441,1
44402429,1
1786101,1
21902226,1
33059408,1
14877628,1
20727866,1
16336077,1
30207781,1
73545592,1
66204908,85
77275653,85
34991732,86
58569776,86
15216270,87
56856558,87
111652884,88
69107668,88
52835221,87
92347682,88
47393360,1
104517739,1
18364847,1
15822493,1
319576850,1
130047324,1
363403954,1
7588102,1
419522236,1
14470931,1
166699208,1
96060682,1
51698866,1
99543751,1
11703722,1
75944654,1
50892530,1
16974253,1
14862017,1
104071049,89
274144170,89
40289734,1
90919024,1
21349535,1
53150331,1
20997349,1
18292513,1
73271762,1
20866261,90
14602589,90
18916748,90
261034525,1
355704786,1
301186183,91
241715867,91
224160357,1
387439469,1
217906657,1
342388972,1
189952416,1
87571114,1
169921002,1
347788405,1
182883839,1
265479915,1
21952872,1
16005250,1
178456134,1
180509355,1
50735431,1
17501358,1
200163448,1
23697509,1
19404587,1
235146909,1
401417487,1
7826492,1
81053602,1
157247429,1
20195073,1
15086499,1
3200541,1
16813929,1
17324205,1
53395621,1
108508328,1
61442211,1
97008128,1
19981036,1
163550067,1
31639623,1
50965086,1
128246602,1
69231483,1
197341208,1
21645304,1
157947389,1
18028703,1
71600011,1
161482772,1
60092902,1
25180057,1
21460249,1
44383122,1
55793637,1
171108403,1
61788140,92
147324465,92
19917446,1
15582088,1
82775046,1
19519021,1
225634187,1
16400388,1
236657680,1
2747211,1
17737498,93
33010760,93
16147376,1
3704581,94
357359582,94
65897036,94
18557731,94
87027640,94
15209941,1
9247852,1
17469332,1
14751849,1
26058342,1
7805942,1
130559528,1
103532942,1
131935531,1
25492883,1
113470669,1
25680767,1
27835859,1
20157590,1
133272665,1
276991796,1
19206177,1
34575169,1
24049717,95
38034789,95
30979533,95
19212622,95
154602438,95
18072308,95
22561519,95
21139132,1
86146072,1
22843068,1
409628807,1
20578176,1
18148282,1
72831048,1
87697628,1
20193243,1
18791048,1
177619180,1
190900921,1
83367556,1
54402700,1
77306913,1
22037477,1
54997681,1
71181708,1
339875129,1
56258810,1
76940234,1
28851282,1
19388771,1
62831503,1
358030466,96
442587710,96
14683704,1
86993101,1
350322420,1
122703083,1
392251125,1
20958456,1
27711706,1
458341610,1
249996933,1
68721382,1
165411431,1
225142835,1
299926425,1
30982580,1
15816057,1
14260655,1
216977719,97
54476281,97
16807882,1
202037047,1
78569026,1
60972923,1
172933026,1
3299561,1
108908302,1
19302265,1
56431113,1
2450021,1
56758151,1
128627411,1
33669807,1
16815619,1
42897096,1
273617441,1
74274804,1
18924664,98
15010978,98
14540042,99
9272,99
17995580,99
18066440,99
18988466,99
76980293,99
14312916,100
69099998,100
11173012,1
15759166,1
29806910,1
98510175,1
291353700,1
16803196,1
15961191,1
74913172,1
30800681,1
17505533,1
34793170,1
25527966,1
22749632,1
90021519,1
254218516,1
20379995,101
74622259,101
18829102,101
22661707,101
31200707,101
182101865,101
208062005,101
14500804,101
304233994,101
125835042,101
79238164,101
16634377,101
145384717,101
21778842,1
14803917,1
96354730,1
162041401,1
195938803,1
20690398,1
368250901,1
298149942,102
126052919,102
17426542,1
249339326,1
315432213,1
279251969,1
240657729,1
282622795,1
148914977,1
262045931,1
220861472,1
114890849,1
226426309,1
234485146,1
417311399,1
36756569,1
280919733,1
313020467,1
240393947,1
145950327,1
240923162,1
16703744,103
24969285,103
444387391,103
15519886,103
45156251,103
171693385,1
17424872,1
23793447,1
95097958,1
21038628,1
39363307,1
217545284,1
14262811,1
19185333,1
158844523,1
95431448,1
36370704,1
242555999,1
284530356,1
111116382,1
22814630,1
29774968,1
30551983,1
38970940,1
113741817,60
20714308,1
86744499,1
217416964,60
9855382,1
197272283,1
148058483,1
17401717,1
17112268,1
16161210,1
27476141,1
6708412,1
330216187,1
103096174,1
19209208,1
38090893,1
18729482,1
15186890,1
30007505,1
40893066,1
15698746,1
343918825,1
15914915,1
74796174,1
93146357,1
15189524,1
23776156,1
63010830,1
49101109,1
66530713,1
14269160,1
13353162,1
19027116,104
19976980,104
107867162,104
166663563,104
42584178,1
14467421,1
15876654,1
18184416,1
105223,1
9487272,1
7914552,1
14455784,1
25070195,1
14371916,1
281657193,1
16542981,1
36964520,1
20466609,1
6830712,1
49086693,1
232676888,1
14524297,1
23516324,1
18957239,1
24644909,1
19809876,1
18324005,1
16151653,1
16979946,1
12730882,1
27618085,1
14359567,1
156204515,1
237985689,1
16999210,1
301863759,1
243874674,1
548020172,1
306823516,1
338554536,1
191750596,1
52672768,1
40297195,1
346720096,1
48335027,1
16065736,1
17872052,1
23080244,1
108171720,1
184985588,1
76512809,1
50740810,1
18708568,1
93907146,1
18398245,1
172495959,1
36779213,1
18384904,1
21071513,105
30451960,105
92319025,1
234082615,1
211933541,1
120182604,1
210072500,1
22644063,1
22981846,1
8888672,1
18913179,1
6666312,1
3283901,1
76831143,1
177564924,1
19198381,1
17511527,1
5309462,1
20152310,1
279515481,1
282348945,1
325583724,1
5938412,1
740983,1
39277194,106
265062844,106
72665816,106
34722669,106
98731745,106
16332223,106
46766777,106
24179879,106
272652543,1
230484387,1
138618802,107
114607362,107
114476572,107
141713916,107
52471614,1
174293510,1
152065057,1
97088346,1
20397385,1
20340917,1
16983297,1
484299228,1
18566621,1
373079416,1
193483797,1
13555802,1
15335123,1
380503334,1
280049106,1
232907264,1
107790914,1
220712849,1
124866710,1
538389207,1
20281602,108
20448733,108
82140652,109
206101355,109
71273003,109
25869468,108
17597716,108
14452248,1
19927627,1
40703164,1
9340912,1
22851036,1
1511081,1
26011572,1
16543012,1
26029878,1
28801508,1
166853688,1
21201598,1
14173652,1
73012388,110
104268166,110
16018285,1
144218227,1
195305346,1
48903480,1
137702106,1
116081221,1
26125943,1
86152110,1
28541908,1
275020671,1
372084834,1
23066251,1
120068116,1
146560386,1
375038445,111
93155000,111
325911794,112
330552752,112
8119302,1
20575324,1
17133445,1
248007541,1
176099750,1
15231413,1
12701122,1
18174804,1
28444033,1
17142478,1
48377518,1
29480700,1
292004117,113
22662244,113
18955413,114
45296039,114
22646558,113
16002751,113
16106608,1
80327382,1
39058866,1
505372527,1
308697431,1
227454804,1
278776823,1
85349324,1
219348483,1
433789613,1
135397331,1
20611853,1
14364626,1
39904933,1
16715729,1
148032978,1
245039566,1
420456892,1
25489250,1
26138657,1
62601901,1
38346612,1
86938734,1
106071160,8
109342607,8
48103917,8
321504648,8
16794934,115
88349752,115
276841724,8
43105737,1
16434105,1
66331720,1
147590684,1
47897905,1
6449282,1
20531146,1
122194011,1
32676724,1
14363353,1
141982955,1
414285107,1
36574704,116
262174528,116
430703073,1
92181077,1
213829863,1
459491802,1
17215276,1
428428152,1
25656304,1
772844,117
150766782,117
47268815,1
128376989,1
56184156,118
47846099,118
24886033,1
23994280,1
23095837,1
21494701,1
25203129,1
14246892,1
14179496,1
25512981,1
7568282,1
16540673,1
499900026,1
404688845,1
69168087,1
18925386,1
16966381,1
257056967,1
118161980,1
17819033,1
300519766,1
23124408,119
20475703,119
15825547,1
30475681,1
31572616,1
31531849,1
22207071,1
19186071,1
64122735,1
219419701,1
67060417,1
6804822,1
161705745,1
10541532,1
19396256,1
23991440,1
29298804,1
19647125,1
21646098,1
356430421,1
63254895,1
17234024,1
356034002,1
22148819,1
59162445,1
353952064,1
341756256,1
310424126,1
266912770,1
194939391,1
321029545,1
332353057,1
374337374,1
231444167,1
181299506,1
231921253,1
115222629,1
125885487,1
152036250,1
219069031,1
177471917,1
177473412,1
14102076,1
14426487,1
177081090,1
177372465,1
111777598,1
14628172,1
171883639,1
231576588,1
177468759,1
15433739,1
46254908,1
19103586,1
54349977,1
17649043,1
125043122,1
72235760,1
20517215,1
108983630,1
339056433,1
81093,1
313703817,1
20240002,1
14539153,1
255790981,1
388692278,1
472390921,1
40645624,1
14174392,1
29374886,1
266182056,1
21791940,1
46754170,1
34980364,1
27003337,1
14955620,1
17066312,1
17560195,1
117237387,1
235178769,1
198567769,1
17451742,1
97465432,1
229585537,1
64611446,1
31162746,1
20175678,120
54966644,120
197600651,120
160779918,1
302768530,1
205009543,1
212247905,1
209735408,1
178805277,1
446010132,1
419160168,1
304550437,1
252782730,1
103652294,1
40913222,1
149217510,1
804261,121
10647432,121
693803,121
15170346,1
267425413,1
292290229,1
228881320,1
204690606,1
84279963,1
220988078,1
89018574,1
183545030,1
126740342,1
129190981,1
241611639,1
262809669,1
468931020,1
221338479,1
221731648,1
27853708,1
358387093,1
38699900,1
19670772,1
18776987,1
10292772,1
64318383,1
39319616,1
29114279,1
18220380,1
17006579,1
14708012,1
54743,1
117802300,1
28267054,1
16898856,1
242202585,1
9705432,122
14087328,122
16560623,1
21145433,1
43822174,1
83990838,1
15639558,1
17207272,1
9359222,1
19251068,1
16049481,1
18964468,1
69027629,1
14005532,1
255761021,1
182384867,1
47768150,1
84505452,1
177336885,1
15944708,1
42526763,1
66029528,1
152820428,1
18755970,1
13369452,1
16871584,1
19115080,1
25796104,1
61420787,1
393242944,1
396094902,1
394475305,1
179743459,1
327851931,1
98821255,1
135704870,1
14365883,1
233527224,1
79119341,1
333815274,1
219723179,1
191280225,1
388118957,1
83220932,1
134897142,1
25488031,1
27142516,1
132089187,1
44475539,1
30369538,1
124656976,1
89743473,1
70736039,1
17467682,1
262171829,1
267923399,1
285877012,1
116878734,1
88365320,1
68801460,1
16444233,1
1294231,1
59947068,1
46957051,1
145724592,1
22587869,1
17677636,1
21105092,1
19554219,1
22568011,1
123633259,1
22369057,1
56891751,1
31432492,1
40198892,1
78231411,1
16531357,1
116658090,1
102633945,1
114829367,123
21021166,123
21609473,123
37763201,123
29977036,1
63303106,1
268479992,1
24736925,1
17198373,1
69944997,124
12831482,124
86823765,1
17578749,1
366849338,1
258280763,1
23885728,1
16120265,1
14299203,1
24405149,1
13577212,1
227828856,1
153198631,1
303482442,1
256744683,1
61522899,1
208730285,1
358083488,1
238110322,1
24574626,1
116829229,125
177030011,125
255253245,126
209143637,126
28931013,127
28929267,127
24939978,127
156994284,127
21337712,127
47147828,127
14267965,1
14611017,1
29788092,128
26039086,128
44561295,1
32140588,1
18949879,1
63356332,1
29112695,1
36525774,1
14982451,1
16874685,1
320939752,1
479997925,1
256497288,1
184426481,1
487329454,1
38761811,1
20224976,1
22652938,1
74697858,1
115743614,1
70160230,1
20426515,1
19339490,1
46415678,1
38823390,1
8126322,1
14710589,1
185963016,1
14092013,1
177658536,1
25675498,1
236096332,66
69802536,1
343341790,1
21069452,129
23538464,129
18227340,1
30417505,1
92767002,1
86176636,1
340685089,1
459632171,1
66431262,1
116914779,1
785645,1
8521542,1
27546808,1
487859640,1
41692369,1
282743175,130
446712660,130
259387453,1
14591500,1
15771419,1
390356722,1
390947575,1
30781454,1
248179455,1
342421694,1
242692217,1
142634662,1
192537546,1
19792347,1
72357328,1
115409651,131
219806343,131
15947348,1
133317553,1
1617891,1
50468526,1
33777251,1
8881,1
19793752,1
18568431,1
81700833,1
47480137,1
309937733,1
162124716,1
17183692,1
19880440,1
18102187,1
134286721,1
169572927,1
455697092,1
95959272,1
349054621,1
122530604,1
123417458,1
24602560,1
62745759,1
115192143,132
260705759,132
65986990,1
7751462,1
17347261,1
443478494,1
370819399,1
282862692,1
96551826,1
261171156,1
198732306,1
363382373,1
336269684,1
178874748,1
25797592,1
43614909,1
450952913,1
94083684,1
277171542,1
197821095,1
234470418,1
84609243,1
128299973,1
226228873,1
197548360,133
63258863,133
272002061,133
99467249,1
96071489,1
117946816,1
81049395,1
51796251,1
16187815,34
14193620,34
31364943,1
19087450,1
13557972,34
21149618,1
16349559,1
224491023,1
330678412,134
341260999,134
22332114,134
22813923,1
57503080,1
777925,1
8438932,1
23468302,1
1692881,1
14602130,1
13166,1
42242439,1
18179447,1
31393,1
14624209,1
22677962,1
20733754,1
787864,1
15644999,1
1765921,1
7478612,1
18907022,1
14876536,1
997,1
15051601,1
95409471,1
14187770,1
12038842,1
458655133,1
167429242,1
14145296,1
383558512,1
317581133,1
104718222,1
25917741,1
323602128,1
25713189,1
29009790,1
245915466,1
374895823,1
252887704,1
525881165,1
93959777,135
91681244,135
217930063,1
21841724,1
51835387,1
28779024,1
34859464,1
343879647,1
382370111,1
391675394,1
71851394,1
113714296,1
419271809,1
374347717,1
157623011,1
295663086,1
54437342,1
22821175,1
211866318,1
21761662,1
19616718,1
18469843,136
78982926,136
20875991,1
322069904,1
24001954,1
20172221,1
38102814,1
19409006,1
18640668,1
169987795,1
18223930,1
57650649,1
16462661,1
29151815,1
421286008,1
267828234,1
272170644,1
54325840,1
333151960,1
88367086,1
37605913,1
20448269,1
21225900,1
15515673,1
65111341,1
10886522,1
78419512,1
15745674,1
29825098,1
15535730,1
78784199,1
5744702,1
31263739,1
57026351,1
14525652,1
169762337,1
301086893,1
190381853,1
212682266,1
258563458,1
92226678,1
120428242,1
15254423,1
24910422,1
1338891,1
268876919,1
371107639,1
313846689,1
46346085,1
282704372,1
236698395,1
15092621,1
36459516,1
24332709,1
191504048,1
22676390,1
20076561,1
17169320,1
225604003,1
65412757,1
16060481,1
261559166,1
35067687,1
14306568,1
61525167,1
20293613,1
14386631,1
13700542,1
20452435,1
60741908,1
7373292,1
45036374,1
19890521,1
66836254,1
6016062,1
15656040,1
15810356,1
50524451,1
305646642,1
293392015,1
341603426,1
309135583,1
359791673,1
393829618,1
443942522,1
327693487,1
538624947,137
341101965,137
507598727,1
5654722,1
5033381,1
21672825,1
160522286,138
58238234,138
188025840,139
21540725,139
19868934,138
8200352,1
125502730,1
509143497,1
60102179,1
92346912,1
42487653,1
240959105,140
15620557,140
37549379,140
276604734,1
368527647,1
150086351,1
16395449,1
167063925,1
42926101,1
33051040,1
19407585,1
47195875,1
31808570,1
347732165,1
35761106,1
89024581,141
39887890,141
36231321,142
14780759,142
14503818,142
41806953,1
14539464,143
16088814,143
19799579,1
152411920,1
199846203,1
217742175,1
433878558,1
375407274,1
90739121,1
276551208,1
417407285,1
365843255,144
46671605,144
23260786,145
118205135,145
45772968,145
472442403,145
553946273,1
112004687,144
170528063,146
21453615,146
19995834,106
16201775,106
17146677,106
21689936,106
501303192,106
20189970,1
322981764,106
276248696,106
90959399,106
134889262,1
34457931,1
42792184,1
91935208,1
21093865,1
60178856,147
60108571,147
38124754,1
821142,1
390272449,1
356300701,1
32263651,1
397495448,1
60744539,1
265802800,1
77941263,1
475340538,1
18719196,1
387928178,1
52285847,1
13108932,1
388485013,1
16613314,1
373653008,1
331703899,1
15582769,1
190233732,1
14159087,1
28114539,1
122487840,1
18946688,1
317642104,1
321096972,1
319625617,1
464435768,1
554003471,1
343051634,1
379644023,1
512638904,1
320140485,1
395472453,1
397322647,1
339799759,1
351641666,1
466121896,1
394239302,1
50042330,1
195066320,1
360268721,1
284681556,1
524620711,1
300012435,1
349741737,1
398462787,1
221859696,1
361180130,1
427603063,148
124079873,148
15149791,1
8002822,1
14222551,1
219069857,1
309237384,1
16384688,1
336586492,1
19412541,1
354569107,1
27935501,1
16631253,1
342149433,1
360169494,1
112780263,1
25453503,1
241642996,1
14497225,149
25602839,149
62804806,1
41598554,1
15411162,1
17124747,1
9406942,1
15419796,1
26326756,1
19038395,1
157044469,1
27073265,1
71577469,150
15467466,150
326755929,1
15171478,1
17024955,1
101532459,1
237315244,1
282388693,1
335641572,1
29993099,1
37752399,1
37528320,1
290871738,1
255238984,1
498095362,1
210254309,1
121918392,1
306005773,1
196790768,151
34537196,151
35502708,106
208891656,106
265781635,106
326371495,106
53296515,106
27581773,106
32530227,106
283193474,106
414415556,106
463194918,106
7594982,1
14238569,1
35986710,1
888981,1
17821932,1
7797552,1
2009991,1
13171472,1
111478759,1
49774608,1
18667907,1
89898430,1
19003050,1
403473415,1
19534433,1
81789092,1
35233873,1
15714648,1
206621725,1
9595022,1
47673661,1
25577351,1
337616527,1
227126986,1
380196467,1
357741061,1
88130019,1
429537308,1
508226086,1
46140684,1
325670642,1
65936054,1
218764303,1
26967932,1
191601056,1
95096748,1
37931906,1
24166711,1
37229840,1
90203412,1
325799091,1
268548585,1
238431491,1
480113860,1
333881828,1
363172778,1
409584473,1
15053372,1
47960185,1
405122243,1
369956429,1
343913571,1
118135933,152
384452872,152
429289159,152
187722919,152
254123924,152
176939238,152
346880024,152
119171551,152
50054844,152
411011857,152
302643429,1
181710644,152
368699121,152
375214274,152
23853807,1
6427892,1
200959768,1
38901224,1
398994309,1
450735279,1
15208837,1
292778377,1
293034407,1
159061456,1
173799840,1
48398960,1
90226862,1
25845428,1
23089228,1
30745262,1
19770557,1
17001189,153
26038292,153
17029324,1
27567775,1
30067876,1
35972874,1
14599470,1
173597141,1
210428550,1
119798626,1
68316611,1
33830368,1
15471060,1
122179144,1
141255819,1
16397686,1
15453752,1
133404204,1
20012454,1
66405948,1
337802792,154
337537112,154
336958044,1
475134373,155
22704248,155
136278069,1
416824474,1
170512878,1
102173255,1
82522075,1
283388768,1
166226911,1
88692036,1
50322783,1
195171695,1
97761486,1
159971257,1
29134751,1
360914929,1
99491032,1
510425787,1
93659369,1
15286368,1
181076223,156
19787153,156
296216073,1
158035139,1
45231082,157
70122463,157
182414019,157
41582548,157
151959257,157
283602905,157
231004001,157
133756497,158
246023376,158
29879795,1
26221897,1
54249319,1
353665909,1
23087952,1
18991464,1
21993337,1
44616049,1
19685455,1
54377889,1
340387460,1
52830048,1
68898458,1
19720220,1
36688071,1
77113444,1
543002517,1
218565522,1
154992848,1
20212580,1
34742074,1
306604708,1
295817535,1
15327996,1
34778564,159
22708540,159
26054442,159
96585601,159
45586373,1
15036041,1
260281892,1
355637036,1
213832879,1
54514600,1
202500496,1
54981249,1
183502719,160
261074207,160
122111980,161
307652781,161
300536012,1
555521357,1
47005906,162
345930964,162
146768204,162
167709705,162
29368258,162
428000060,162
86581491,163
17797942,163
27922928,163
21434769,1
33387856,1
44771048,1
30397013,1
48634799,1
71553401,164
24223185,164
21212730,1
53751973,164
43441291,164
188154135,1
255802087,165
95248526,165
18740669,165
18562064,165
261227209,165
87273337,165
386209891,165
50597693,165
61235410,1
380663874,1
72323229,1
322358312,1
139084494,1
24875696,166
40580391,166
66004143,167
45047314,167
38676123,166
63372660,166
33940400,166
64241129,166
78311082,168
97115053,168
64518122,166
215394089,168
152511987,166
18141369,1
73762766,166
351939436,166
53756926,166
97552857,166
148181878,166
104572249,1
151145458,1
119926579,1
103394477,1
7207032,1
14792444,1
253360762,1
19238008,1
44191022,1
32824804,1
113713593,1
9604032,1
75708763,1
61969331,1
243614856,169
276124559,169
230396531,169
54243949,170
208545425,170
5244591,170
30495007,171
40321134,171
64954625,1
309808270,1
228448689,1
61313954,1
219115830,1
9179362,1
151252407,1
17623957,1
43834581,1
811303,1
71928368,1
45516390,1
25136067,1
34484725,1
113430220,1
7718082,1
17979038,1
370762041,1
233011448,1
36157507,1
19619047,1
45694782,1
339503567,1
381835552,1
29642675,1
19894159,172
20124712,172
314550074,1
8056522,1
8304842,1
276322412,1
33449028,1
18219754,173
18190259,173
49210949,1
248748948,1
322171570,1
271250182,1
51551720,1
16541808,1
117359940,1
15431344,1
18594420,1
279863186,1
452631923,1
45634961,1
303895934,1
262310943,1
150197363,174
173852432,174
257284859,1
209125412,1
37508790,1
400814530,1
413395657,1
42588508,1
26438384,1
14338082,1
21981231,1
18559944,1
28071884,1
66515918,1
28433775,1
50223887,1
435255730,1
29089122,1
355009696,175
16448588,175
457400706,175
50738078,175
249188812,175
272077982,175
43161519,175
267318068,175
135187349,175
408209095,1
21907788,1
14444891,1
96174685,1
18393753,1
13871102,1
15223433,1
14770116,1
10285082,1
23673139,1
105595534,1
25838635,1
22281805,1
211041953,1
203942956,1
80483595,1
135385447,1
119534276,1
197105291,1
489640935,1
176425989,1
24282101,1
20605795,1
499455442,1
150021307,1
35030520,1
33212700,1
314098636,1
50449246,1
114833239,1
28109359,1
46260911,1
222725454,1
20175675,1
16643805,1
396221712,1
64442789,1
139713345,1
15938093,1
38268441,176
195887204,176
14592925,1
790036,1
149685699,176
59554328,176
221818934,1
42739048,1
150978009,1
76016329,1
18991187,1
156280168,1
86926478,1
154144035,1
20045134,1
72820359,1
21856144,1
92358824,1
357567964,1
27833479,1
27834517,1
3103641,1
229370656,1
24504033,1
41590595,1
200969056,1
22813738,1
25069628,1
38423124,1
26811248,1
16582350,177
90452704,177
132912535,1
246424851,1
90118996,1
19915199,1
18676369,1
28280650,1
35490641,1
244441120,1
231556077,1
305423837,1
307357248,1
19401487,1
453344643,1
138308031,1
5380152,1
19852276,1
381048540,1
160302244,1
82580241,1
49169651,1
16234668,1
368801039,1
190399951,1
184391654,1
338068011,1
374659799,1
14905860,1
18232198,1
35499363,1
44789768,1
34576184,178
18895896,178
755603,1
14538601,1
199032495,1
308911400,179
321592490,179
13857762,179
256633393,179
281234028,1
278697037,1
10854812,1
40326689,1
35777926,1
66190348,1
18504495,1
70458047,1
41870991,1
43180035,1
25689832,1
66661590,1
58356127,1
51828073,1
100496045,1
91884854,1
66409671,1
242362681,1
142715837,1
14048809,1
14506505,1
17462723,1
14903053,1
21434444,1
19866631,1
58844228,180
120276532,180
12951112,1
33254505,1
24695373,1
37796602,1
9273052,1
7762622,1
12724562,1
16932596,1
583883,1
22557877,1
14513100,1
636893,1
8004452,1
73113170,1
29851286,1
30337775,1
276686889,1
168009636,1
357524793,1
15166316,1
246134531,181
168525858,181
29069574,1
19283723,1
18919936,1
58914651,1
31767699,1
42092597,1
43872362,1
756145,1
15437688,1
1150571,1
43305785,1
17561785,1
244368081,1
237637607,182
14401698,182
7130402,1
19579267,183
14532236,183
150398297,183
234288764,184
52544275,184
26453786,1
59599890,1
20574199,1
121338495,1
18751439,1
24636393,1
27808966,185
58833777,185
430181870,1
32353559,1
25791289,1
21283935,1
281153162,1
349145647,1
86194532,186
148791188,186
16562715,57
25718003,187
5533902,187
31188700,1
62098714,1
256872653,188
58547111,188
43601041,1
317652921,1
319987685,1
298402374,1
254400424,188
15670814,188
20187852,1
27573195,1
12195002,1
314738283,1
81978740,1
330143622,1
295465484,1
356642631,1
233107833,1
73390436,1
70460503,1
259304458,1
109356584,189
23626899,189
135200435,1
268035072,189
223840932,189
61595118,1
386677416,1
238721415,1
38708614,1
229249830,1
25285450,1
13141852,1
26636349,1
15070712,1
204691142,1
17502089,1
17336784,1
327690261,1
20013151,1
14120456,190
90970994,190
56929607,1
15929867,1
150505377,1
19232121,1
123161418,1
122092164,1
151594887,191
125199215,191
84208385,192
90205951,192
289459291,1
22665024,1
422268021,1
498440463,1
18089608,1
36644925,1
51239075,1
372559100,1
227486711,1
335661411,1
45319754,1
129755376,1
26200403,1
16108210,1
26364322,1
18990306,1
34431320,1
16549787,1
87060964,1
64304897,1
16985700,1
24788654,1
17007560,1
27994823,1
5868402,1
45040038,1
129716643,1
29592491,1
18646199,193
16968632,193
14610206,1
17964866,1
355275030,1
59369137,1
240186064,1
152515045,1
50255081,1
547504314,1
126334355,1
196823075,136
73099320,8
265690003,8
269252624,8
3511681,8
22949812,8
34310801,1
45536687,1
15909010,1
41577194,1
85824938,1
26077026,1
11856422,1
22854531,1
15426856,194
14433891,194
87586376,194
21008297,194
78931350,1
184907407,1
18938248,1
14110454,1
195820818,1
57992535,1
14835652,1
5388852,1
14185424,1
19512493,1
52238172,1
64241189,1
53025463,1
151191680,1
18354740,1
46686860,1
46947488,1
92614042,1
264124770,1
96432821,1
390189904,1
39522692,1
441850919,1
351514707,1
182136530,1
14088064,1
429081965,1
25594518,195
47717027,195
61353269,195
26445140,195
15439882,1
41238485,1
378703574,1
150774780,1
52091660,1
246972341,1
214296704,1
172742915,1
150367583,1
25340822,1
346840644,1
178726318,1
24214579,1
798556,106
22642626,106
18045966,106
53194854,106
26681152,106
98043823,106
111411572,106
47401917,106
260523318,106
37963098,106
53420694,106
286993966,106
317542713,106
40155853,106
209233393,106
262381655,1
246529857,1
98804013,1
252703381,1
68526677,1
388443878,1
25867475,1
30015340,1
16125588,1
19555067,1
32309918,1
117177384,1
445818064,1
14515948,196
173587214,196
162310738,1
22266381,1
40964378,1
56535506,1
162204428,1
20163916,1
351073900,1
33173260,1
15097566,1
58642515,1
80088141,1
19382500,1
346208047,1
374363985,1
24400628,1
15426099,1
217416589,1
18286505,1
18060163,1
14414452,1
65894396,197
95966853,197
107236697,198
149578245,198
59959466,1
49064411,1
189592841,1
25842688,1
41896109,199
28349128,199
16723682,199
20408795,200
20641338,200
25329155,199
22272053,1
412582295,1
93004355,1
20928893,1
151753441,1
90778418,1
45638067,1
49666871,1
17905977,1
11621822,1
48564118,1
2228471,1
44208218,1
222048396,1
102436798,1
11836402,1
20583390,1
96975923,1
55101908,1
87429637,1
29072137,1
14072931,1
311989458,1
19817778,1
87165980,1
21417687,1
14496918,1
29183527,1
24599993,1
20662802,1
323351607,1
16553826,1
123051486,1
246578847,201
180416124,201
18274748,1
462310261,1
78758706,8
6290462,1
346126683,8
31747489,1
59284201,202
26360041,202
14858086,1
304159881,1
21371293,1
26789088,1
11085852,1
12039052,1
88827363,1
54279612,1
47625913,1
75370068,1
164578092,1
110936556,1
56952600,1
202186639,1
18557657,1
288932529,1
489281307,1
505644068,1
423992563,1
92932633,1
338894455,1
136010193,1
69133390,1
20039736,1
33140178,1
367681328,8
83330277,8
178513073,8
22482043,8
88209311,8
41555127,8
59409306,203
157461057,203
45696104,1
160657479,1
24588389,1
131305826,1
234625696,203
269541156,203
25238486,1
28448705,1
95075291,203
114329426,1
125173405,203
129895131,1
26514376,1
126506556,1
25284019,1
60338351,1
31317590,1
52904881,1
31947502,1
46503181,1
192914233,1
199415817,1
203770783,1
27699224,1
21916557,204
157180599,204
262351301,1
218422210,204
100719412,1
79609940,1
471692812,1
146598249,205
443127182,205
12798922,1
202881242,1
14951200,1
154036524,1
18952429,1
24389233,1
183502710,1
131728473,1
365249846,1
45310286,1
354752457,1
22751884,1
20474740,1
24730013,206
14060667,206
50426510,206
2976831,206
55532048,206
216566780,206
51259482,206
99291085,206
27070413,206
28669612,1
87356124,1
17891116,1
90984237,1
25890506,1
19740681,1
14427975,1
20979133,1
800437,207
23992692,207
65508777,1
44186632,1
133880671,1
308641385,1
278170050,1
360210288,1
34160305,1
56180594,1
2565,1
12798452,1
12468982,1
17898187,1
6368102,1
509205624,1
18183917,1
1527091,1
814306,1
8091602,1
15757690,1
14312099,1
45933827,1
68762038,1
11334,1
48693089,1
557143602,1
234064468,1
25000290,1
114738427,1
149622343,1
27335801,1
199844360,1
196365883,1
31569479,1
23021979,1
47689027,1
228786825,1
280747281,1
272938743,1
290216175,1
271495538,1
263514193,1
74294087,1
233687955,1
285571521,1
292767542,1
26453558,1
236749048,1
270767794,1
224272024,1
162385517,1
248967064,1
19509652,1
165675053,1
171308352,1
27585831,1
248932073,1
39753512,1
28509196,1
28253718,1
68808413,1
193551973,1
5704862,1
58985584,1
287839981,1
21917973,1
14296723,1
793351,1
8108052,1
16350866,1
123320139,1
14745315,1
545753108,1
441328248,92
414665001,1
244938842,1
64816396,92
254321574,1
50887421,208
194354261,208
22329169,208
84133924,1
78467726,1
64418022,1
23696980,1
83755122,1
35919785,1
49137574,1
81656691,209
38967935,209
164433647,1
283239246,1
302397341,1
47854857,1
243630696,1
111057593,1
28363255,1
15468275,1
19362061,1
29533547,1
19613618,1
21116838,1
25491442,1
22523624,1
17308891,1
63827110,1
13799922,1
35613013,1
130877595,210
15584851,210
50620668,1
238657359,1
18047870,1
419779279,1
14995210,1
15062340,1
36109143,1
13764992,1
26641150,1
93579404,1
289042697,1
115520085,1
64011951,1
61682218,1
20383419,1
165842017,1
427723014,1
63077212,1
235386073,1
76299612,1
12695752,1
15599371,1
13116,1
13260,1
11541,1
217488200,1
73050189,1
123661476,1
74240598,1
61889023,1
179691230,1
25143948,1
78925893,1
130650476,1
212810973,1
434700953,1
25810548,1
16214045,1
260641289,1
112825848,1
14362575,1
24973996,1
24130648,1
91390383,1
23298808,1
15005676,1
30572722,1
14955344,1
36757972,1
15290966,1
86120067,1
102300277,1
15180686,1
101775511,1
6258042,1
405482317,1
373422039,1
389535040,211
27910336,211
73598917,1
14170924,1
64656259,1
320983129,1
19698923,1
22052855,1
255694820,1
39856357,1
377862490,1
136773266,1
14529724,1
15021031,1
162516323,1
465676673,1
230498574,1
153142335,1
193929442,1
67384506,1
22033794,1
68225321,1
312240023,1
167150593,1
259378270,1
59228196,1
128989152,1
263576813,1
110117428,1
246364399,1
71114673,1
15743700,1
485924782,1
43042986,1
21685894,1
78815877,1
413359972,1
178239989,1
18487428,1
19215993,1
16729099,1
314227065,1
18772408,1
154291841,1
14381574,1
15195150,1
21316848,1
157818542,1
218355549,212
291767815,212
51575022,1
208759600,212
159223609,1
260433129,1
353425916,1
168560126,1
83608448,1
393852070,1
36702477,1
196251283,1
100518634,1
183079085,1
60896075,1
86980896,1
17500393,1
94569164,1
196500142,1
36724533,1
14109475,1
21533722,1
129978583,1
14721706,1
15132110,1
64474358,1
104126903,1
157434337,1
122978402,1
142851768,1
50440750,1
1579391,1
325727410,106
21427278,106
59870340,106
97695104,106
93924188,106
278776000,106
169768183,106
9000912,106
130879506,106
285781005,106
221921187,106
40549958,106
263224927,106
47240171,213
21255194,213
86630861,213
18222599,213
181753489,213
16490974,213
104019971,213
62916636,213
19497677,213
86300007,213
353934486,213
18104476,213
80843684,213
20415960,213
162622594,214
52310798,214
231545675,214
170906002,214
66491235,214
193291779,214
67119770,214
17545498,1
102255218,1
383044849,1
192217741,1
17946886,1
19956523,1
276348332,1
68690235,1
309727424,1
85114893,215
74654261,215
279510127,215
83731215,215
39488895,215
20970926,215
100614511,215
39614123,215
21325880,215
33456706,215
14884004,215
25382450,1
24249821,1
227863795,1
50063127,1
41026098,1
46691170,1
7078732,1
351133275,1
47873827,1
14291563,1
28947545,1
115700178,1
55702084,216
39590891,216
54631530,1
219065620,1
180450786,1
126062877,1
177229224,1
16736650,1
40895426,1
258576165,1
119446730,1
269805726,1
231007190,1
339859282,1
87229901,1
153852656,1
210098167,1
78195681,217
142432988,217
30060242,218
647223,218
17398347,1
4542801,218
15166543,218
4393381,218
14404097,218
26376975,1
103421652,1
14249811,1
30811128,1
17960638,1
9423662,1
12538472,1
77712736,1
14291326,1
1277041,1
39164896,1
52556532,1
43328989,1
9570302,1
179059513,219
213903671,219
13831522,1
14342202,1
23636789,1
19753864,1
23629630,1
197560053,1
14565861,1
26956786,1
14858284,1
141279345,1
127782922,1
17689157,1
20421603,1
524463,1
1399231,1
14824385,1
763986,1
38135943,1
14425692,220
843711,220
121539516,1
25547397,1
22832029,1
42714831,1
72555359,1
394460725,1
16060735,1
30282704,1
33608041,1
7882592,1
15438005,1
5725652,1
309206712,1
9184682,1
9363302,1
16193542,1
13083622,1
14521981,1
427036632,1
22448729,1
463632548,1
11681802,1
276963941,1
20039230,1
191477840,1
413487212,1
56834816,1
23016199,1
51951241,1
44465753,1
128957132,1
32102005,1
215444266,1
33873372,1
44962272,1
32695475,1
21721401,1
22033274,1
47359148,1
71813739,1
51973995,1
85985832,1
7777932,1
95129400,221
109643356,221
19195733,1
99686909,1
31774760,1
1133971,1
1315011,1
18034357,1
86303282,1
7531832,1
38353,1
12661,1
18519524,1
26188455,1
75103342,1
137187477,1
16639702,1
23407635,1
116388817,1
8254982,1
85897690,1
30108503,1
77581855,1
151673759,222
24833731,222
85977550,1
41726079,1
97313569,1
80297299,1
216367403,1
76968686,1
17625522,1
16555481,1
23800611,1
61903300,1
39299241,1
18345963,1
88936426,1
103018203,1
13368342,1
34015638,1
32175870,1
37396276,1
16505525,1
15677650,1
123160974,1
21162492,1
78852440,1
128320890,1
19178857,1
15633,1
172793158,1
24550707,1
103541806,1
23145471,223
76702882,223
83008966,1
292324060,1
17185109,1
182268988,1
22349089,1
885611,1
12298152,1
41435895,1
107236336,1
33711024,1
6291872,1
18770310,1
18887526,1
233356779,1
65147931,224
188586381,224
448996567,1
90302375,1
20194941,225
42135344,225
7697472,1
17417121,1
374660408,1
31015514,1
18174186,1
28187573,1
275643104,1
30980755,1
68164927,1
68845466,1
49053258,1
73434013,1
144331692,1
29272924,1
127572002,1
181723409,1
53979915,1
182481395,1
172524209,1
72420530,1
310651459,226
147679058,226
82159002,1
65623202,1
131364612,1
58033175,1
249361546,1
201499968,1
65693114,1
111103485,1
222432705,1
257162866,1
162420686,1
172464017,1
247002646,1
171318249,1
197154656,1
97463613,1
19962737,227
14531164,227
156734320,227
27062951,227
9353422,227
206063829,1
259547871,1
265021248,1
42311985,1
29703865,215
80399038,215
223959754,1
22707147,1
61838384,1
93707337,1
326832066,1
137222452,1
22891420,1
126088259,1
116970668,1
211848704,1
109758140,1
18988799,1
28043,1
228854500,1
46521949,1
200773028,1
161761859,1
41130821,228
72071090,228
92092425,1
14213544,1
9956892,1
16602180,1
35246396,229
243333479,229
27796499,229
63228090,1
17284200,1
20984259,1
50002463,1
353824303,1
24234523,1
19494097,1
52331035,1
214153705,230
213745334,230
19114743,1
113633105,1
271310204,1
21089219,1
15384271,231
5900852,231
156261079,1
86563606,1
91448117,1
2317921,1
27512794,1
39825297,1
34556109,1
1563671,1
27721192,1
22722452,1
14966677,1
121795598,1
80937511,1
509130299,1
26535027,1
232033170,1
21149003,1
116539433,1
6164682,1
104002640,1
156984830,1
212155430,1
27521114,1
10333972,1
9763482,1
15145547,1
90071403,1
285198742,1
96208310,1
19371099,1
14063605,1
87779500,1
17308919,1
68174078,1
176774540,1
12652542,1
54188979,1
215089664,1
63334799,1
14775425,1
19152332,1
132809440,1
339968612,1
41084386,1
121520140,232
69656547,232
191594881,233
121215796,233
37909620,234
21787252,234
14532363,1
16312316,235
89026066,235
21458147,1
18891230,236
15520149,236
26373572,1
30949085,235
21174708,235
22334025,235
22638962,236
14705287,1
9822052,1
18279469,1
14774858,1
5525,1
83450402,237
54467758,237
34479708,1
15224402,1
191927203,238
19636959,238
7795202,1
278746956,1
15880884,1
26865509,1
23250947,1
79613352,1
149426168,1
106250418,1
16714448,1
212006583,1
22684480,1
28318908,1
190760946,1
48616495,1
54499639,1
127359707,1
26920166,1
765694,1
253973,1
17628437,1
11415842,1
231173053,1
405960130,1
383451821,1
126427420,1
238729128,1
398453569,1
24548650,239
252659822,239
373622208,239
250408941,239
24866239,1
126510360,239
221402863,239
215051592,239
19589086,239
33724407,240
29319777,240
35388869,240
113766686,240
266040555,240
145356475,240
38313584,240
156652502,240
50009606,240
36441704,240
286908007,240
470640651,240
274073595,240
39910783,241
178508259,241
192396145,240
217511904,240
22323452,1
23180819,1
333159474,1
19714416,1
41839767,1
71837784,1
91211615,1
38684785,1
34722951,1
46122746,1
18052452,1
7402662,1
15923226,1
52052011,1
43334545,1
39689218,1
145753894,1
108159877,1
20408557,1
122371074,1
242105719,1
213173218,1
93746096,1
35281724,1
411482466,1
230094900,1
192963833,1
488141609,1
146566254,1
48422317,1
65789579,1
60348578,1
26341298,1
7723382,1
325169943,1
362668618,1
123895988,1
43160689,1
362670034,1
126345156,1
431228220,1
87658559,1
27870527,1
14193730,1
46144288,1
117671022,1
132998576,1
123335502,1
12613282,1
59253387,1
86859709,1
4804281,1
15933987,1
19615995,1
23770107,1
6980232,1
23791204,1
36846612,1
46949032,1
381867437,1
180211806,1
235040616,1
100361358,1
312105296,1
287977299,1
34973485,1
25258210,1
535803548,1
261612386,1
131300145,1
22051456,1
26529631,1
493734777,1
84463170,1
18936233,1
17903357,1
258618447,1
22979061,1
22047070,1
181613510,1
175648411,1
162816854,1
27163774,1
332378036,1
74875669,1
46535700,1
20293840,1
66504150,1
480548725,1
378644447,1
24898406,1
18643227,1
282220379,1
18289316,1
133824534,1
479917792,1
102166611,1
103807223,1
520785775,1
490585866,1
197178807,1
540407653,1
22315906,1
36946876,1
6009212,1
26964910,1
14579546,1
14981622,1
239931037,1
44406858,1
151891517,1
165946114,1
48211314,1
125711688,1
56999787,1
62078352,1
16373753,1
162424619,1
18912594,1
57344940,1
51431802,1
105108617,1
397113150,1
15509573,1
14182140,1
21132431,242
19335425,242
24176502,242
31134503,242
15192462,242
28645754,242
8719482,242
244780790,1
416682684,1
8150752,1
320798884,1
1984701,1
451135171,1
36017818,1
33884596,1
64418855,1
19958836,1
85218122,1
325904593,1
34888855,1
23790454,1
21559947,1
23801791,1
15470403,1
218653398,1
151023922,1
258145892,1
232574324,1
57670965,1
176821441,1
43265510,1
251221957,1
249221058,106
257203923,106
78021630,106
20413251,106
45977080,106
327569507,106
26747930,106
401537988,106
102711866,106
131197947,106
374670902,106
114506138,1
232998970,1
20299704,1
323939337,1
20315842,1
15835427,1
42751217,1
58483034,1
66607538,1
309096216,162
324663507,162
363238963,162
335686256,162
250080819,162
128480794,162
32443601,162
59980857,162
30970675,163
17815591,163
130510920,163
31186367,163
16851206,163
194991903,1
309122206,1
153048672,1
18956020,1
14217022,1
33080832,1
191642317,1
39882047,1
276155419,1
233961330,1
160519670,1
17032077,1
43433064,1
328733018,1
35432497,178
24918905,178
33588577,178
11937032,178
28795411,178
17839019,178
35506246,178
33960929,178
18016151,178
35293231,178
29404464,178
29172137,178
19178294,178
27157127,178
15206725,178
36016297,178
18507292,178
27408201,178
28074386,178
9679202,178
36005202,178
33464788,178
174952474,1
547172871,1
213468464,1
18733164,1
15912123,1
437300342,1
476316550,1
56679995,1
50877931,1
165295757,1
89596003,1
243061807,1
17375680,1
688583,1
23312461,1
112848373,1
122364666,1
394252706,1
21246169,1
45609930,1
63774621,1
115692784,1
28880788,1
135429318,1
172814159,1
219842369,1
40399584,1
39825463,1
165889777,1
69624952,1
263209316,1
264281499,1
123082578,1
94915681,1
374146230,1
170221902,1
53115044,1
435241434,1
